pointsX[21]
pointsY[21]
resX:[2048]
resY:[2448]
dstX:[10.0]
dstY:[10.0]
dstCamera:[171.0]
[-0.85026044, 0.7235839][-0.4506471, 0.7706065, 0.4506471]
[-0.7734375, 0.73257077][-0.4136412, 0.7859183, 0.45960134]
[-0.69205725, 0.7407407][-0.37446603, 0.8004211, 0.46808252]
[-0.60839844, 0.74809366][-0.3331785, 0.81390744, 0.47596928]
[-0.5240885, 0.7546296][-0.28988212, 0.82616407, 0.48313686]
[-0.43652344, 0.75953156][-0.24473079, 0.83697927, 0.48946157]
[-0.34798175, 0.7641612][-0.19793008, 0.8461511, 0.49482518]
[-0.25553387, 0.7693355][-0.14973633, 0.853497, 0.49912107]
[-0.16276044, 0.77423745][-0.10045179, 0.8588628, 0.50225896]
[-0.069987, 0.77587146][-0.050417036, 0.8621313, 0.50417036]
[0.022786498, 0.77505445][0.0, 0.8632291, 0.50481236]
[0.115234375, 0.77342045][0.050417036, 0.8621313, 0.50417036]
[0.20735681, 0.77178645][0.10045179, 0.8588628, 0.50225896]
[0.29882812, 0.76797384][0.14973633, 0.853497, 0.49912107]
[0.389974, 0.76361656][0.19793008, 0.8461511, 0.49482518]
[0.47851562, 0.75871456][0.24473079, 0.83697927, 0.48946157]
[0.56575525, 0.7529956][0.28988212, 0.82616407, 0.48313686]
[0.6497396, 0.7464597][0.3331785, 0.81390744, 0.47596928]
[0.7317709, 0.73965144][0.37446603, 0.8004211, 0.46808252]
[0.81087244, 0.7317538][0.4136412, 0.7859183, 0.45960134]
[0.8883463, 0.7246732][0.4506471, 0.7706065, 0.4506471]
[-0.8610026, 0.6595861][-0.45960134, 0.7859183, 0.4136412]
[-0.7832031, 0.6688453][-0.42220032, 0.80218065, 0.42220032]
[-0.702474, 0.6767429][-0.3825125, 0.81762046, 0.43032655]
[-0.61751306, 0.6843682][-0.34058926, 0.8320109, 0.43790048]
[-0.53222656, 0.6906318][-0.29653233, 0.8451171, 0.44479847]
[-0.44401044, 0.69553375][-0.25049835, 0.85670435, 0.45089704]
[-0.35384113, 0.70070803][-0.20270126, 0.8665478, 0.4560778]
[-0.26009113, 0.7053377][-0.15341105, 0.874443, 0.46023315]
[-0.16569012, 0.7083334][-0.10294928, 0.8802163, 0.46327174]
[-0.07096356, 0.710512][-0.05168045, 0.8837357, 0.46512404]
[0.022786498, 0.710512][0.0, 0.8849183, 0.46574643]
[0.11686194, 0.709695][0.05168045, 0.8837357, 0.46512404]
[0.21061194, 0.7075163][0.10294928, 0.8802163, 0.46327174]
[0.30338538, 0.7045207][0.15341105, 0.874443, 0.46023315]
[0.3961588, 0.70043576][0.20270126, 0.8665478, 0.4560778]
[0.48632812, 0.6952615][0.25049835, 0.85670435, 0.45089704]
[0.57486975, 0.6895425][0.29653233, 0.8451171, 0.44479847]
[0.66015625, 0.6835512][0.34058926, 0.8320109, 0.43790048]
[0.7428385, 0.6767429][0.3825125, 0.81762046, 0.43032655]
[0.8232422, 0.6688453][0.42220032, 0.80218065, 0.42220032]
[0.9010416, 0.66149235][0.45960134, 0.7859183, 0.4136412]
[-0.87076825, 0.5925926][-0.46808252, 0.8004211, 0.37446603]
[-0.79329425, 0.6010349][-0.43032655, 0.81762046, 0.3825125]
[-0.71191406, 0.6086601][-0.39016965, 0.8339876, 0.39016965]
[-0.6269531, 0.6157407][-0.34765685, 0.84927607, 0.39732212]
[-0.5397135, 0.621732][-0.3028874, 0.8632291, 0.40384987]
[-0.45084637, 0.62717867][-0.25602004, 0.87558854, 0.40963206]
[-0.3590495, 0.63153595][-0.20727614, 0.8861055, 0.41455227]
[-0.26367188, 0.6350763][-0.15693906, 0.89455265, 0.41850418]
[-0.16796875, 0.6375272][-0.10534928, 0.90073633, 0.42139712]
[-0.072265625, 0.6391612][-0.052895248, 0.9045087, 0.42316198]
[0.02311194, 0.63997823][0.0, 0.90577674, 0.4237552]
[0.11848962, 0.6391612][0.052895248, 0.9045087, 0.42316198]
[0.21386719, 0.6372549][0.10534928, 0.90073633, 0.42139712]
[0.30794275, 0.6345316][0.15693906, 0.89455265, 0.41850418]
[0.4020182, 0.63071895][0.20727614, 0.8861055, 0.41455227]
[0.49316406, 0.6263616][0.25602004, 0.87558854, 0.40963206]
[0.5823568, 0.6214597][0.3028874, 0.8632291, 0.40384987]
[0.6689453, 0.6154684][0.34765685, 0.84927607, 0.39732212]
[0.7526041, 0.60920477][0.39016965, 0.8339876, 0.39016965]
[0.8333334, 0.60157955][0.43032655, 0.81762046, 0.3825125]
[0.91080725, 0.5934096][0.46808252, 0.8004211, 0.37446603]
[-0.8779297, 0.5226035][-0.47596928, 0.81390744, 0.3331785]
[-0.80110675, 0.53159046][-0.43790048, 0.8320109, 0.34058926]
[-0.719401, 0.5383987][-0.39732212, 0.84927607, 0.34765685]
[-0.63313806, 0.54438996][-0.3542726, 0.8654374, 0.3542726]
[-0.5455729, 0.5501089][-0.3088478, 0.8802163, 0.36032248]
[-0.4557292, 0.5550109][-0.2612079, 0.89333105, 0.36569107]
[-0.3626302, 0.5588235][-0.21158099, 0.9045087, 0.37026674]
[-0.26660156, 0.56209147][-0.16026291, 0.9134986, 0.3739468]
[-0.16992188, 0.56427014][-0.10761245, 0.92008644, 0.3766436]
[-0.07291669, 0.5650872][-0.054041423, 0.9241083, 0.37828997]
[0.02376306, 0.56590414][0.0, 0.92546076, 0.37884358]
[0.12044275, 0.5650872][0.054041423, 0.9241083, 0.37828997]
[0.21614587, 0.5639978][0.10761245, 0.92008644, 0.3766436]
[0.311849, 0.5618192][0.16026291, 0.9134986, 0.3739468]
[0.406901, 0.5585512][0.21158099, 0.9045087, 0.37026674]
[0.49902344, 0.55446625][0.2612079, 0.89333105, 0.36569107]
[0.58919275, 0.54983664][0.3088478, 0.8802163, 0.36032248]
[0.67643225, 0.54466236][0.3542726, 0.8654374, 0.3542726]
[0.7607422, 0.538671][0.39732212, 0.84927607, 0.34765685]
[0.8414713, 0.53159046][0.43790048, 0.8320109, 0.34058926]
[0.9182943, 0.5231481][0.47596928, 0.81390744, 0.3331785]
[-0.8854167, 0.45098037][-0.48313686, 0.82616407, 0.28988212]
[-0.80826825, 0.45860565][-0.44479847, 0.8451171, 0.29653233]
[-0.72623694, 0.46486926][-0.40384987, 0.8632291, 0.3028874]
[-0.6393229, 0.47031593][-0.36032248, 0.8802163, 0.3088478]
[-0.5511068, 0.47521788][-0.31430846, 0.8957792, 0.31430846]
[-0.45963544, 0.47930282][-0.26596874, 0.9096131, 0.3191625]
[-0.36621094, 0.48257083][-0.21553713, 0.92142123, 0.3233057]
[-0.2688802, 0.4852941][-0.1633211, 0.9309302, 0.3266422]
[-0.17122394, 0.48747277][-0.109696545, 0.93790543, 0.32908964]
[-0.07356769, 0.48910677][-0.055097464, 0.9421667, 0.3305848]
[0.024088502, 0.48910677][0.0, 0.9436, 0.3310877]
[0.12141931, 0.4885621][0.055097464, 0.9421667, 0.3305848]
[0.21875, 0.48747277][0.109696545, 0.93790543, 0.32908964]
[0.3147787, 0.48502177][0.1633211, 0.9309302, 0.3266422]
[0.41080725, 0.48284316][0.21553713, 0.92142123, 0.3233057]
[0.5042318, 0.47957516][0.26596874, 0.9096131, 0.3191625]
[0.5950521, 0.47521788][0.31430846, 0.8957792, 0.31430846]
[0.68294275, 0.47031593][0.36032248, 0.8802163, 0.3088478]
[0.7679037, 0.4651416][0.40384987, 0.8632291, 0.3028874]
[0.8489584, 0.45887798][0.44479847, 0.8451171, 0.29653233]
[0.92513025, 0.45179737][0.48313686, 0.82616407, 0.28988212]
[-0.8925781, 0.37772328][-0.48946157, 0.83697927, 0.24473079]
[-0.8151042, 0.38453162][-0.45089704, 0.85670435, 0.25049835]
[-0.7324219, 0.38997817][-0.40963206, 0.87558854, 0.25602004]
[-0.64518225, 0.39488018][-0.36569107, 0.89333105, 0.2612079]
[-0.55631506, 0.39923745][-0.3191625, 0.9096131, 0.26596874]
[-0.4641927, 0.40250546][-0.2702071, 0.9241083, 0.2702071]
[-0.3697917, 0.40550107][-0.21906383, 0.93649787, 0.2738298]
[-0.27180988, 0.40767974][-0.16605026, 0.9464865, 0.27675042]
[-0.17350262, 0.40931374][-0.11155789, 0.95382, 0.27889472]
[-0.07454425, 0.410403][-0.056041103, 0.95830286, 0.28020552]
[0.024088502, 0.4106754][0.0, 0.9598112, 0.28064656]
[0.12239587, 0.41013074][0.056041103, 0.95830286, 0.28020552]
[0.22070312, 0.40931374][0.11155789, 0.95382, 0.27889472]
[0.31770837, 0.4074074][0.16605026, 0.9464865, 0.27675042]
[0.4147135, 0.40550107][0.21906383, 0.93649787, 0.2738298]
[0.5084635, 0.40250546][0.2702071, 0.9241083, 0.2702071]
[0.6002604, 0.3984205][0.3191625, 0.9096131, 0.26596874]
[0.6888021, 0.3943355][0.36569107, 0.89333105, 0.2612079]
[0.77376306, 0.38943356][0.40963206, 0.87558854, 0.25602004]
[0.85546875, 0.38453162][0.45089704, 0.85670435, 0.25049835]
[0.9326172, 0.37854028][0.48946157, 0.83697927, 0.24473079]
[-0.898112, 0.30283225][-0.49482518, 0.8461511, 0.19793008]
[-0.820638, 0.3085512][-0.4560778, 0.8665478, 0.20270126]
[-0.7379557, 0.31345314][-0.41455227, 0.8861055, 0.20727614]
[-0.6507162, 0.31753814][-0.37026674, 0.9045087, 0.21158099]
[-0.5605469, 0.32053375][-0.3233057, 0.92142123, 0.21553713]
[-0.46777344, 0.3232571][-0.2738298, 0.93649787, 0.21906383]
[-0.37272137, 0.3257081][-0.22208177, 0.94939953, 0.22208177]
[-0.27408856, 0.32761437][-0.16838793, 0.9598112, 0.22451724]
[-0.17447919, 0.32924837][-0.11315338, 0.9674614, 0.22630677]
[-0.07486981, 0.33006537][-0.056850307, 0.97214025, 0.22740123]
[0.024088502, 0.33006537][0.0, 0.97371507, 0.2277696]
[0.12369788, 0.33006537][0.056850307, 0.97214025, 0.22740123]
[0.22233069, 0.32924837][0.11315338, 0.9674614, 0.22630677]
[0.31998694, 0.3278867][0.16838793, 0.9598112, 0.22451724]
[0.4176432, 0.32598037][0.22208177, 0.94939953, 0.22208177]
[0.51236975, 0.32352942][0.2738298, 0.93649787, 0.21906383]
[0.60481775, 0.3208061][0.3233057, 0.92142123, 0.21553713]
[0.69368494, 0.31726575][0.37026674, 0.9045087, 0.21158099]
[0.7792969, 0.31345314][0.41455227, 0.8861055, 0.20727614]
[0.8606771, 0.3085512][0.4560778, 0.8665478, 0.20270126]
[0.93847656, 0.30419385][0.49482518, 0.8461511, 0.19793008]
[-0.9033203, 0.22712415][-0.49912107, 0.853497, 0.14973633]
[-0.8255208, 0.23148143][-0.46023315, 0.874443, 0.15341105]
[-0.7428385, 0.23502177][-0.41850418, 0.89455265, 0.15693906]
[-0.65462244, 0.23828977][-0.3739468, 0.9134986, 0.16026291]
[-0.56412756, 0.24074078][-0.3266422, 0.9309302, 0.1633211]
[-0.47070312, 0.24291939][-0.27675042, 0.9464865, 0.16605026]
[-0.375, 0.24482572][-0.22451724, 0.9598112, 0.16838793]
[-0.27571613, 0.245915][-0.17027599, 0.9705732, 0.17027599]
[-0.17578125, 0.247549][-0.114442766, 0.97848564, 0.17166415]
[-0.07552081, 0.24809366][-0.057504512, 0.98332715, 0.17251353]
[0.024414062, 0.248366][0.0, 0.98495704, 0.17279948]
[0.12402344, 0.24809366][0.057504512, 0.98332715, 0.17251353]
[0.22363281, 0.24727672][0.114442766, 0.97848564, 0.17166415]
[0.32161462, 0.24645972][0.17027599, 0.9705732, 0.17027599]
[0.42057288, 0.24537033][0.22451724, 0.9598112, 0.16838793]
[0.51595056, 0.24373639][0.27675042, 0.9464865, 0.16605026]
[0.608724, 0.24101305][0.3266422, 0.9309302, 0.1633211]
[0.6988932, 0.23883438][0.3739468, 0.9134986, 0.16026291]
[0.78450525, 0.23556644][0.41850418, 0.89455265, 0.15693906]
[0.86621094, 0.23229843][0.46023315, 0.874443, 0.15341105]
[0.94433594, 0.22848582][0.49912107, 0.853497, 0.14973633]
[-0.90527344, 0.15032679][-0.50225896, 0.8588628, 0.10045179]
[-0.82877606, 0.1533224][-0.46327174, 0.8802163, 0.10294928]
[-0.7457682, 0.1557734][-0.42139712, 0.90073633, 0.10534928]
[-0.65722656, 0.15822434][-0.3766436, 0.92008644, 0.10761245]
[-0.5667318, 0.15985835][-0.32908964, 0.93790543, 0.109696545]
[-0.47265625, 0.16094768][-0.27889472, 0.95382, 0.11155789]
[-0.37662762, 0.16230935][-0.22630677, 0.9674614, 0.11315338]
[-0.2766927, 0.16312629][-0.17166415, 0.97848564, 0.114442766]
[-0.17643231, 0.16394335][-0.11539123, 0.98659503, 0.11539123]
[-0.075846374, 0.16448802][-0.057985876, 0.99155843, 0.11597175]
[0.024739623, 0.16476035][0.0, 0.9932297, 0.11616721]
[0.124349, 0.16476035][0.057985876, 0.99155843, 0.11597175]
[0.22493494, 0.16448802][0.11539123, 0.98659503, 0.11539123]
[0.32356775, 0.16394335][0.17166415, 0.97848564, 0.114442766]
[0.42285156, 0.16312629][0.22630677, 0.9674614, 0.11315338]
[0.5185547, 0.16203707][0.27889472, 0.95382, 0.11155789]
[0.6116537, 0.16040307][0.32908964, 0.93790543, 0.109696545]
[0.70149744, 0.15876907][0.3766436, 0.92008644, 0.10761245]
[0.78808594, 0.15713513][0.42139712, 0.90073633, 0.10534928]
[0.8701172, 0.15441173][0.46327174, 0.8802163, 0.10294928]
[0.9472656, 0.1516884][0.50225896, 0.8588628, 0.10045179]
[-0.9091797, 0.07271242][-0.50417036, 0.8621313, 0.050417036]
[-0.8310547, 0.07434642][-0.46512404, 0.8837357, 0.05168045]
[-0.7473959, 0.07570803][-0.42316198, 0.9045087, 0.052895248]
[-0.6588541, 0.076797366][-0.37828997, 0.9241083, 0.054041423]
[-0.5677084, 0.07761437][-0.3305848, 0.9421667, 0.055097464]
[-0.4739583, 0.078158975][-0.28020552, 0.95830286, 0.056041103]
[-0.3776042, 0.07924837][-0.22740123, 0.97214025, 0.056850307]
[-0.27734375, 0.07979298][-0.17251353, 0.98332715, 0.057504512]
[-0.17708331, 0.08006537][-0.11597175, 0.99155843, 0.057985876]
[-0.076497376, 0.0803377][-0.05828056, 0.9965976, 0.05828056]
[0.024088502, 0.08088237][0.0, 0.9982945, 0.05837979]
[0.125, 0.08060998][0.05828056, 0.9965976, 0.05828056]
[0.22526038, 0.08060998][0.11597175, 0.99155843, 0.057985876]
[0.3245443, 0.0803377][0.17251353, 0.98332715, 0.057504512]
[0.42317712, 0.08006537][0.22740123, 0.97214025, 0.056850307]
[0.51888025, 0.0795207][0.28020552, 0.95830286, 0.056041103]
[0.6129557, 0.078975976][0.3305848, 0.9421667, 0.055097464]
[0.7044271, 0.078158975][0.37828997, 0.9241083, 0.054041423]
[0.7903646, 0.07734203][0.42316198, 0.9045087, 0.052895248]
[0.8727213, 0.07570803][0.46512404, 0.8837357, 0.05168045]
[0.95214844, 0.07461876][0.50417036, 0.8621313, 0.050417036]
[-0.9091797, -0.005446553][-0.50481236, 0.8632291, -0.0]
[-0.8310547, -0.005174279][-0.46574643, 0.8849183, -0.0]
[-0.74837244, -0.004629612][-0.4237552, 0.90577674, -0.0]
[-0.6598307, -0.004629612][-0.37884358, 0.92546076, -0.0]
[-0.5690104, -0.004629612][-0.3310877, 0.9436, -0.0]
[-0.47460938, -0.004357338][-0.28064656, 0.9598112, -0.0]
[-0.3779297, -0.004357338][-0.2277696, 0.97371507, -0.0]
[-0.27734375, -0.004357338][-0.17279948, 0.98495704, -0.0]
[-0.17708331, -0.0040849447][-0.11616721, 0.9932297, -0.0]
[-0.076497376, -0.0038126707][-0.05837979, 0.9982945, -0.0]
[0.024414062, -0.0038126707][0.0, 1.0, -0.0]
[0.125, -0.0038126707][0.05837979, 0.9982945, -0.0]
[0.22558594, -0.0038126707][0.11616721, 0.9932297, -0.0]
[0.3251953, -0.0035403967][0.17279948, 0.98495704, -0.0]
[0.4241537, -0.0035403967][0.2277696, 0.97371507, -0.0]
[0.5198568, -0.0035403967][0.28064656, 0.9598112, -0.0]
[0.6142578, -0.0035403967][0.3310877, 0.9436, -0.0]
[0.7050781, -0.0032680035][0.37884358, 0.92546076, -0.0]
[0.79069006, -0.0032680035][0.4237552, 0.90577674, -0.0]
[0.8727213, -0.0035403967][0.46574643, 0.8849183, -0.0]
[0.9501953, -0.0035403967][0.50481236, 0.8632291, -0.0]
[-0.9082031, -0.08360577][-0.50417036, 0.8621313, -0.050417036]
[-0.8307292, -0.08469498][-0.46512404, 0.8837357, -0.05168045]
[-0.7473959, -0.08551192][-0.42316198, 0.9045087, -0.052895248]
[-0.65950525, -0.08687365][-0.37828997, 0.9241083, -0.054041423]
[-0.5680338, -0.08687365][-0.3305848, 0.9421667, -0.055097464]
[-0.4736328, -0.08769071][-0.28020552, 0.95830286, -0.056041103]
[-0.37727863, -0.08769071][-0.22740123, 0.97214025, -0.056850307]
[-0.27701825, -0.08823526][-0.17251353, 0.98332715, -0.057504512]
[-0.17675781, -0.08850765][-0.11597175, 0.99155843, -0.057985876]
[-0.075846374, -0.08850765][-0.05828056, 0.9965976, -0.05828056]
[0.024414062, -0.08850765][0.0, 0.9982945, -0.05837979]
[0.12532556, -0.08850765][0.05828056, 0.9965976, -0.05828056]
[0.22558594, -0.08823526][0.11597175, 0.99155843, -0.057985876]
[0.32486975, -0.08769071][0.17251353, 0.98332715, -0.057504512]
[0.4241537, -0.08687365][0.22740123, 0.97214025, -0.056850307]
[0.5205078, -0.08660138][0.28020552, 0.95830286, -0.056041103]
[0.6145834, -0.08605671][0.3305848, 0.9421667, -0.055097464]
[0.70475256, -0.084967375][0.37828997, 0.9241083, -0.054041423]
[0.79069006, -0.08360577][0.42316198, 0.9045087, -0.052895248]
[0.8730469, -0.08251631][0.46512404, 0.8837357, -0.05168045]
[0.9501953, -0.081154704][0.50417036, 0.8621313, -0.050417036]
[-0.9059245, -0.1606754][-0.50225896, 0.8588628, -0.10045179]
[-0.82910156, -0.16312635][-0.46327174, 0.8802163, -0.10294928]
[-0.74674475, -0.16530502][-0.42139712, 0.90073633, -0.10534928]
[-0.65787756, -0.16693902][-0.3766436, 0.92008644, -0.10761245]
[-0.5667318, -0.16857302][-0.32908964, 0.93790543, -0.109696545]
[-0.47298175, -0.16966224][-0.27889472, 0.95382, -0.11155789]
[-0.37597656, -0.1704793][-0.22630677, 0.9674614, -0.11315338]
[-0.2763672, -0.17129624][-0.17166415, 0.97848564, -0.114442766]
[-0.17643231, -0.17184103][-0.11539123, 0.98659503, -0.11539123]
[-0.075846374, -0.17184103][-0.057985876, 0.99155843, -0.11597175]
[0.024739623, -0.17184103][0.0, 0.9932297, -0.11616721]
[0.12467444, -0.17184103][0.057985876, 0.99155843, -0.11597175]
[0.22460938, -0.17156863][0.11539123, 0.98659503, -0.11539123]
[0.3238932, -0.17102396][0.17166415, 0.97848564, -0.114442766]
[0.42317712, -0.16993463][0.22630677, 0.9674614, -0.11315338]
[0.51888025, -0.1688453][0.27889472, 0.95382, -0.11155789]
[0.61263025, -0.1672113][0.32908964, 0.93790543, -0.109696545]
[0.70279944, -0.16530502][0.3766436, 0.92008644, -0.10761245]
[0.78938806, -0.16312635][0.42139712, 0.90073633, -0.10534928]
[0.8730469, -0.16094768][0.46327174, 0.8802163, -0.10294928]
[0.94986975, -0.15849674][0.50225896, 0.8588628, -0.10045179]
[-0.9029948, -0.23747277][-0.49912107, 0.853497, -0.14973633]
[-0.8264974, -0.24183011][-0.46023315, 0.874443, -0.15341105]
[-0.7441406, -0.245098][-0.41850418, 0.89455265, -0.15693906]
[-0.65527344, -0.24782145][-0.3739468, 0.9134986, -0.16026291]
[-0.56412756, -0.2502724][-0.3266422, 0.9309302, -0.1633211]
[-0.47037762, -0.2519064][-0.27675042, 0.9464865, -0.16605026]
[-0.37434894, -0.253268][-0.22451724, 0.9598112, -0.16838793]
[-0.27539062, -0.25408494][-0.17027599, 0.9705732, -0.17027599]
[-0.17578125, -0.254902][-0.114442766, 0.97848564, -0.17166415]
[-0.07552081, -0.25571895][-0.057504512, 0.98332715, -0.17251353]
[0.024414062, -0.25544655][0.0, 0.98495704, -0.17279948]
[0.124349, -0.2551744][0.057504512, 0.98332715, -0.17251353]
[0.22395837, -0.2551744][0.114442766, 0.97848564, -0.17166415]
[0.3225912, -0.25408494][0.17027599, 0.9705732, -0.17027599]
[0.421224, -0.25245094][0.22451724, 0.9598112, -0.16838793]
[0.51660156, -0.25108933][0.27675042, 0.9464865, -0.16605026]
[0.61035156, -0.24863839][0.3266422, 0.9309302, -0.1633211]
[0.7001953, -0.24591506][0.3739468, 0.9134986, -0.16026291]
[0.78743494, -0.24291945][0.41850418, 0.89455265, -0.15693906]
[0.87109375, -0.24019611][0.46023315, 0.874443, -0.15341105]
[0.94986975, -0.23638344][0.49912107, 0.853497, -0.14973633]
[-0.898112, -0.31399786][-0.49482518, 0.8461511, -0.19793008]
[-0.8222656, -0.3197168][-0.4560778, 0.8665478, -0.20270126]
[-0.7399088, -0.32407403][-0.41455227, 0.8861055, -0.20727614]
[-0.6513672, -0.32761443][-0.37026674, 0.9045087, -0.21158099]
[-0.56087244, -0.33061004][-0.3233057, 0.92142123, -0.21553713]
[-0.46777344, -0.33306098][-0.2738298, 0.93649787, -0.21906383]
[-0.3723958, -0.33469498][-0.22208177, 0.94939953, -0.22208177]
[-0.273763, -0.33632898][-0.16838793, 0.9598112, -0.22451724]
[-0.17480469, -0.33741832][-0.11315338, 0.9674614, -0.22630677]
[-0.07486981, -0.33796299][-0.056850307, 0.97214025, -0.22740123]
[0.024414062, -0.3376907][0.0, 0.97371507, -0.2277696]
[0.123372436, -0.33741832][0.056850307, 0.97214025, -0.22740123]
[0.22265625, -0.33687365][0.11315338, 0.9674614, -0.22630677]
[0.31998694, -0.33578432][0.16838793, 0.9598112, -0.22451724]
[0.4189453, -0.33387792][0.22208177, 0.94939953, -0.22208177]
[0.5133463, -0.33169937][0.2738298, 0.93649787, -0.21906383]
[0.6067709, -0.32924843][0.3233057, 0.92142123, -0.21553713]
[0.6966146, -0.32543576][0.37026674, 0.9045087, -0.21158099]
[0.7832031, -0.3216231][0.41455227, 0.8861055, -0.20727614]
[0.86621094, -0.31753814][0.4560778, 0.8665478, -0.20270126]
[0.94563806, -0.31318092][0.49482518, 0.8461511, -0.19793008]
[-0.8935547, -0.3899783][-0.48946157, 0.83697927, -0.24473079]
[-0.8173828, -0.39651418][-0.45089704, 0.85670435, -0.25049835]
[-0.735026, -0.40168846][-0.40963206, 0.87558854, -0.25602004]
[-0.64680994, -0.40659034][-0.36569107, 0.89333105, -0.2612079]
[-0.5569662, -0.41013074][-0.3191625, 0.9096131, -0.26596874]
[-0.4641927, -0.41285408][-0.2702071, 0.9241083, -0.2702071]
[-0.36946613, -0.41503274][-0.21906383, 0.93649787, -0.2738298]
[-0.27115887, -0.41693902][-0.16605026, 0.9464865, -0.27675042]
[-0.17285156, -0.41802835][-0.11155789, 0.95382, -0.27889472]
[-0.07454425, -0.41857302][-0.056041103, 0.95830286, -0.28020552]
[0.024414062, -0.41857302][0.0, 0.9598112, -0.28064656]
[0.12239587, -0.41830063][0.056041103, 0.95830286, -0.28020552]
[0.22102869, -0.4172113][0.11155789, 0.95382, -0.27889472]
[0.3180338, -0.41639435][0.16605026, 0.9464865, -0.27675042]
[0.41569006, -0.41421568][0.21906383, 0.93649787, -0.2738298]
[0.5097656, -0.41176474][0.2702071, 0.9241083, -0.2702071]
[0.60253906, -0.40822434][0.3191625, 0.9096131, -0.26596874]
[0.6917318, -0.4041394][0.36569107, 0.89333105, -0.2612079]
[0.7776693, -0.39896524][0.40963206, 0.87558854, -0.25602004]
[0.859375, -0.39406323][0.45089704, 0.85670435, -0.25049835]
[0.9375, -0.3877995][0.48946157, 0.83697927, -0.24473079]
[-0.88932294, -0.464597][-0.48313686, 0.82616407, -0.28988212]
[-0.81152344, -0.47167766][-0.44479847, 0.8451171, -0.29653233]
[-0.7291666, -0.47766888][-0.40384987, 0.8632291, -0.3028874]
[-0.64160156, -0.48284316][-0.36032248, 0.8802163, -0.3088478]
[-0.5520834, -0.4872005][-0.31430846, 0.8957792, -0.31430846]
[-0.45996094, -0.4904685][-0.26596874, 0.9096131, -0.3191625]
[-0.36621094, -0.49291945][-0.21553713, 0.92142123, -0.3233057]
[-0.2688802, -0.4950981][-0.1633211, 0.9309302, -0.3266422]
[-0.1715495, -0.496732][-0.109696545, 0.93790543, -0.32908964]
[-0.07356769, -0.496732][-0.055097464, 0.9421667, -0.3305848]
[0.024088502, -0.496732][0.0, 0.9436, -0.3310877]
[0.12174475, -0.496732][0.055097464, 0.9421667, -0.3305848]
[0.21907556, -0.49591506][0.109696545, 0.93790543, -0.32908964]
[0.31510413, -0.49455345][0.1633211, 0.9309302, -0.3266422]
[0.4117838, -0.4918301][0.21553713, 0.92142123, -0.3233057]
[0.5052084, -0.4888345][0.26596874, 0.9096131, -0.3191625]
[0.59700525, -0.48502183][0.31430846, 0.8957792, -0.31430846]
[0.6855469, -0.47984755][0.36032248, 0.8802163, -0.3088478]
[0.7705078, -0.4741286][0.40384987, 0.8632291, -0.3028874]
[0.85123694, -0.46786487][0.44479847, 0.8451171, -0.29653233]
[0.92936194, -0.4610567][0.48313686, 0.82616407, -0.28988212]
[-0.8802083, -0.5343138][-0.47596928, 0.81390744, -0.3331785]
[-0.80338544, -0.5427561][-0.43790048, 0.8320109, -0.34058926]
[-0.7216797, -0.54956424][-0.39732212, 0.84927607, -0.34765685]
[-0.6350912, -0.5555556][-0.3542726, 0.8654374, -0.3542726]
[-0.546875, -0.5604576][-0.3088478, 0.8802163, -0.36032248]
[-0.45507812, -0.56427014][-0.2612079, 0.89333105, -0.36569107]
[-0.3623047, -0.56726587][-0.21158099, 0.9045087, -0.37026674]
[-0.26627606, -0.5697168][-0.16026291, 0.9134986, -0.3739468]
[-0.16992188, -0.5710784][-0.10761245, 0.92008644, -0.3766436]
[-0.07291669, -0.5716231][-0.054041423, 0.9241083, -0.37828997]
[0.02376306, -0.5716231][0.0, 0.92546076, -0.37884358]
[0.12076819, -0.5713508][0.054041423, 0.9241083, -0.37828997]
[0.21647131, -0.5702615][0.10761245, 0.92008644, -0.3766436]
[0.311849, -0.5686275][0.16026291, 0.9134986, -0.3739468]
[0.40755212, -0.56590414][0.21158099, 0.9045087, -0.37026674]
[0.50032556, -0.56263614][0.2612079, 0.89333105, -0.36569107]
[0.5911459, -0.5580065][0.3088478, 0.8802163, -0.36032248]
[0.6783854, -0.5522876][0.3542726, 0.8654374, -0.3542726]
[0.7633463, -0.545207][0.39732212, 0.84927607, -0.34765685]
[0.84375, -0.53812635][0.43790048, 0.8320109, -0.34058926]
[0.92089844, -0.5307734][0.47596928, 0.81390744, -0.3331785]
[-0.8704427, -0.6023966][-0.46808252, 0.8004211, -0.37446603]
[-0.7949219, -0.6124728][-0.43032655, 0.81762046, -0.3825125]
[-0.7138672, -0.6200981][-0.39016965, 0.8339876, -0.39016965]
[-0.6279297, -0.6269064][-0.34765685, 0.84927607, -0.39732212]
[-0.5403646, -0.6318083][-0.3028874, 0.8632291, -0.40384987]
[-0.4498698, -0.63562095][-0.25602004, 0.87558854, -0.40963206]
[-0.35742188, -0.6380719][-0.20727614, 0.8861055, -0.41455227]
[-0.2630208, -0.6410675][-0.15693906, 0.89455265, -0.41850418]
[-0.16796875, -0.6432463][-0.10534928, 0.90073633, -0.42139712]
[-0.071940124, -0.64406323][-0.052895248, 0.9045087, -0.42316198]
[0.0234375, -0.64379084][0.0, 0.90577674, -0.4237552]
[0.118815064, -0.64351845][0.052895248, 0.9045087, -0.42316198]
[0.21419275, -0.64242923][0.10534928, 0.90073633, -0.42139712]
[0.30859375, -0.64079523][0.15693906, 0.89455265, -0.41850418]
[0.4033203, -0.6383443][0.20727614, 0.8861055, -0.41455227]
[0.4944662, -0.6345316][0.25602004, 0.87558854, -0.40963206]
[0.5846354, -0.62908494][0.3028874, 0.8632291, -0.40384987]
[0.67154944, -0.62282145][0.34765685, 0.84927607, -0.39732212]
[0.7548828, -0.6157408][0.39016965, 0.8339876, -0.39016965]
[0.8352865, -0.60784316][0.43032655, 0.81762046, -0.3825125]
[0.9117838, -0.5994009][0.46808252, 0.8004211, -0.37446603]
[-0.86035156, -0.66966224][-0.45960134, 0.7859183, -0.4136412]
[-0.7858073, -0.6805556][-0.42220032, 0.80218065, -0.42220032]
[-0.7057291, -0.68899775][-0.3825125, 0.81762046, -0.43032655]
[-0.62044275, -0.6963507][-0.34058926, 0.8320109, -0.43790048]
[-0.5332031, -0.7015251][-0.29653233, 0.8451171, -0.44479847]
[-0.44368488, -0.70506537][-0.25049835, 0.85670435, -0.45089704]
[-0.35221356, -0.7077886][-0.20270126, 0.8665478, -0.4560778]
[-0.25846356, -0.71023965][-0.15341105, 0.874443, -0.46023315]
[-0.16503906, -0.7129631][-0.10294928, 0.8802163, -0.46327174]
[-0.07096356, -0.7140523][-0.05168045, 0.8837357, -0.46512404]
[0.022786498, -0.7143246][0.0, 0.8849183, -0.46574643]
[0.11751306, -0.7143246][0.05168045, 0.8837357, -0.46512404]
[0.2115885, -0.71378005][0.10294928, 0.8802163, -0.46327174]
[0.3046875, -0.71214604][0.15341105, 0.874443, -0.46023315]
[0.3977865, -0.70887804][0.20270126, 0.8665478, -0.4560778]
[0.48828125, -0.70397615][0.25049835, 0.85670435, -0.45089704]
[0.5768229, -0.6982572][0.29653233, 0.8451171, -0.44479847]
[0.6627604, -0.6914488][0.34058926, 0.8320109, -0.43790048]
[0.7464193, -0.68436825][0.3825125, 0.81762046, -0.43032655]
[0.8261719, -0.67619836][0.42220032, 0.80218065, -0.42220032]
[0.9026693, -0.666939][0.45960134, 0.7859183, -0.4136412]
[-0.85091144, -0.7342049][-0.4506471, 0.7706065, -0.4506471]
[-0.7766927, -0.74591506][-0.4136412, 0.7859183, -0.45960134]
[-0.6972656, -0.7559912][-0.37446603, 0.8004211, -0.46808252]
[-0.6129557, -0.7630719][-0.3331785, 0.81390744, -0.47596928]
[-0.5260416, -0.7682462][-0.28988212, 0.82616407, -0.48313686]
[-0.4371745, -0.77151406][-0.24473079, 0.83697927, -0.48946157]
[-0.3483073, -0.7742375][-0.19793008, 0.8461511, -0.49482518]
[-0.2552083, -0.77696085][-0.14973633, 0.853497, -0.49912107]
[-0.16276044, -0.7791395][-0.10045179, 0.8588628, -0.50225896]
[-0.069987, -0.7807735][-0.050417036, 0.8621313, -0.50417036]
[0.022786498, -0.78159046][0.0, 0.8632291, -0.50481236]
[0.11588538, -0.782135][0.050417036, 0.8621313, -0.50417036]
[0.20865881, -0.78159046][0.10045179, 0.8588628, -0.50225896]
[0.30013025, -0.78022873][0.14973633, 0.853497, -0.49912107]
[0.39225256, -0.77532685][0.19793008, 0.8461511, -0.49482518]
[0.48046875, -0.76879084][0.24473079, 0.83697927, -0.48946157]
[0.5673828, -0.7619827][0.28988212, 0.82616407, -0.48313686]
[0.6520182, -0.7551743][0.3331785, 0.81390744, -0.47596928]
[0.7356771, -0.7486383][0.37446603, 0.8004211, -0.46808252]
[0.81575525, -0.7412853][0.4136412, 0.7859183, -0.45960134]
[0.8932291, -0.7325709][0.4506471, 0.7706065, -0.4506471]
