pointsX[21]
pointsY[21]
resX:[2048]
resY:[2448]
dstX:[10.0]
dstY:[10.0]
dstCamera:[171.0]
[-0.85091144, 0.7293028][-0.4506471, 0.7706065, 0.4506471]
[-0.77278644, 0.7382897][-0.4136412, 0.7859183, 0.45960134]
[-0.6927084, 0.7453704][-0.37446603, 0.8004211, 0.46808252]
[-0.609375, 0.75245094][-0.3331785, 0.81390744, 0.47596928]
[-0.52506506, 0.75898695][-0.28988212, 0.82616407, 0.48313686]
[-0.43815106, 0.7638889][-0.24473079, 0.83697927, 0.48946157]
[-0.34928387, 0.7685185][-0.19793008, 0.8461511, 0.49482518]
[-0.2578125, 0.7726035][-0.14973633, 0.853497, 0.49912107]
[-0.16536456, 0.77750546][-0.10045179, 0.8588628, 0.50225896]
[-0.072591126, 0.7788671][-0.050417036, 0.8621313, 0.50417036]
[0.01985681, 0.77668846][0.0, 0.8632291, 0.50481236]
[0.11230469, 0.7747821][0.050417036, 0.8621313, 0.50417036]
[0.20410156, 0.7723312][0.10045179, 0.8588628, 0.50225896]
[0.29492188, 0.7682462][0.14973633, 0.853497, 0.49912107]
[0.3857422, 0.7633442][0.19793008, 0.8461511, 0.49482518]
[0.4742838, 0.7578976][0.24473079, 0.83697927, 0.48946157]
[0.5611979, 0.751634][0.28988212, 0.82616407, 0.48313686]
[0.64518225, 0.7445534][0.3331785, 0.81390744, 0.47596928]
[0.72623694, 0.7366558][0.37446603, 0.8004211, 0.46808252]
[0.8053385, 0.72821355][0.4136412, 0.7859183, 0.45960134]
[0.88313806, 0.7205882][0.4506471, 0.7706065, 0.4506471]
[-0.8619792, 0.665305][-0.45960134, 0.7859183, 0.4136412]
[-0.7845052, 0.67429197][-0.42220032, 0.80218065, 0.42220032]
[-0.7044271, 0.68246186][-0.3825125, 0.81762046, 0.43032655]
[-0.6201172, 0.68899786][-0.34058926, 0.8320109, 0.43790048]
[-0.53450525, 0.6952615][-0.29653233, 0.8451171, 0.44479847]
[-0.44596356, 0.70016336][-0.25049835, 0.85670435, 0.45089704]
[-0.3561198, 0.70506537][-0.20270126, 0.8665478, 0.4560778]
[-0.2630208, 0.708878][-0.15341105, 0.874443, 0.46023315]
[-0.16861981, 0.7116013][-0.10294928, 0.8802163, 0.46327174]
[-0.07421875, 0.71323526][-0.05168045, 0.8837357, 0.46512404]
[0.01953125, 0.7124183][0.0, 0.8849183, 0.46574643]
[0.11393225, 0.71105665][0.05168045, 0.8837357, 0.46512404]
[0.20735681, 0.70860565][0.10294928, 0.8802163, 0.46327174]
[0.2998047, 0.704793][0.15341105, 0.874443, 0.46023315]
[0.39225256, 0.6998911][0.20270126, 0.8665478, 0.4560778]
[0.48177087, 0.69417214][0.25049835, 0.85670435, 0.45089704]
[0.5696615, 0.68790853][0.29653233, 0.8451171, 0.44479847]
[0.6549479, 0.6813725][0.34058926, 0.8320109, 0.43790048]
[0.7373047, 0.6737473][0.3825125, 0.81762046, 0.43032655]
[0.81705725, 0.6655773][0.42220032, 0.80218065, 0.42220032]
[0.8948568, 0.65767974][0.45960134, 0.7859183, 0.4136412]
[-0.8720703, 0.5988562][-0.46808252, 0.8004211, 0.37446603]
[-0.7949219, 0.60757077][-0.43032655, 0.81762046, 0.3825125]
[-0.7135416, 0.6149237][-0.39016965, 0.8339876, 0.39016965]
[-0.6285807, 0.6214597][-0.34765685, 0.84927607, 0.39732212]
[-0.5419922, 0.62717867][-0.3028874, 0.8632291, 0.40384987]
[-0.45247394, 0.6318083][-0.25602004, 0.87558854, 0.40963206]
[-0.36165363, 0.63616556][-0.20727614, 0.8861055, 0.41455227]
[-0.26692706, 0.6391612][-0.15693906, 0.89455265, 0.41850418]
[-0.17122394, 0.6410675][-0.10534928, 0.90073633, 0.42139712]
[-0.07552081, 0.64242923][-0.052895248, 0.9045087, 0.42316198]
[0.01953125, 0.64242923][0.0, 0.90577674, 0.4237552]
[0.114908814, 0.6416122][0.052895248, 0.9045087, 0.42316198]
[0.20996094, 0.6388889][0.10534928, 0.90073633, 0.42139712]
[0.30338538, 0.63562095][0.15693906, 0.89455265, 0.41850418]
[0.39746094, 0.6312636][0.20727614, 0.8861055, 0.41455227]
[0.4879557, 0.62608933][0.25602004, 0.87558854, 0.40963206]
[0.57714844, 0.620098][0.3028874, 0.8632291, 0.40384987]
[0.66308594, 0.61383444][0.34765685, 0.84927607, 0.39732212]
[0.7464193, 0.6064815][0.39016965, 0.8339876, 0.39016965]
[0.82649744, 0.5985839][0.43032655, 0.81762046, 0.3825125]
[0.9033203, 0.58986926][0.46808252, 0.8004211, 0.37446603]
[-0.8795573, 0.52886707][-0.47596928, 0.81390744, 0.3331785]
[-0.80338544, 0.537854][-0.43790048, 0.8320109, 0.34058926]
[-0.7216797, 0.54466236][-0.39732212, 0.84927607, 0.34765685]
[-0.6357422, 0.5503813][-0.3542726, 0.8654374, 0.3542726]
[-0.5481771, 0.5555556][-0.3088478, 0.8802163, 0.36032248]
[-0.4583333, 0.5599128][-0.2612079, 0.89333105, 0.36569107]
[-0.36621094, 0.5634532][-0.21158099, 0.9045087, 0.37026674]
[-0.2701823, 0.5664488][-0.16026291, 0.9134986, 0.3739468]
[-0.17350262, 0.5680828][-0.10761245, 0.92008644, 0.3766436]
[-0.07682294, 0.56889975][-0.054041423, 0.9241083, 0.37828997]
[0.01920569, 0.56889975][0.0, 0.92546076, 0.37884358]
[0.115559936, 0.5678104][0.054041423, 0.9241083, 0.37828997]
[0.2115885, 0.56590414][0.10761245, 0.92008644, 0.3766436]
[0.30664062, 0.5631808][0.16026291, 0.9134986, 0.3739468]
[0.4013672, 0.55909586][0.21158099, 0.9045087, 0.37026674]
[0.49316406, 0.55446625][0.2612079, 0.89333105, 0.36569107]
[0.5830078, 0.5492919][0.3088478, 0.8802163, 0.36032248]
[0.6699219, 0.54302835][0.3542726, 0.8654374, 0.3542726]
[0.7535807, 0.53622][0.39732212, 0.84927607, 0.34765685]
[0.8339844, 0.52859473][0.43790048, 0.8320109, 0.34058926]
[0.9098307, 0.5201525][0.47596928, 0.81390744, 0.3331785]
[-0.8873698, 0.45778865][-0.48313686, 0.82616407, 0.28988212]
[-0.8108724, 0.46541393][-0.44479847, 0.8451171, 0.29653233]
[-0.7288412, 0.47167754][-0.40384987, 0.8632291, 0.3028874]
[-0.64225256, 0.4765795][-0.36032248, 0.8802163, 0.3088478]
[-0.55436194, 0.48093683][-0.31430846, 0.8957792, 0.31430846]
[-0.46321613, 0.48474944][-0.26596874, 0.9096131, 0.3191625]
[-0.3697917, 0.4877451][-0.21553713, 0.92142123, 0.3233057]
[-0.273112, 0.48992378][-0.1633211, 0.9309302, 0.3266422]
[-0.17578125, 0.49155772][-0.109696545, 0.93790543, 0.32908964]
[-0.078125, 0.49264705][-0.055097464, 0.9421667, 0.3305848]
[0.018880248, 0.49237472][0.0, 0.9436, 0.3310877]
[0.1165365, 0.49155772][0.055097464, 0.9421667, 0.3305848]
[0.21321619, 0.48965138][0.109696545, 0.93790543, 0.32908964]
[0.30924475, 0.48720044][0.1633211, 0.9309302, 0.3266422]
[0.40494788, 0.48393244][0.21553713, 0.92142123, 0.3233057]
[0.4977213, 0.4798475][0.26596874, 0.9096131, 0.3191625]
[0.5885416, 0.4749455][0.31430846, 0.8957792, 0.31430846]
[0.6761068, 0.46949893][0.36032248, 0.8802163, 0.3088478]
[0.7604166, 0.46323526][0.40384987, 0.8632291, 0.3028874]
[0.8408203, 0.45615464][0.44479847, 0.8451171, 0.29653233]
[0.9169922, 0.44852942][0.48313686, 0.82616407, 0.28988212]
[-0.89453125, 0.38534862][-0.48946157, 0.83697927, 0.24473079]
[-0.8177083, 0.39161217][-0.45089704, 0.85670435, 0.25049835]
[-0.73535156, 0.3967865][-0.40963206, 0.87558854, 0.25602004]
[-0.6484375, 0.40141612][-0.36569107, 0.89333105, 0.2612079]
[-0.5598959, 0.40495646][-0.3191625, 0.9096131, 0.26596874]
[-0.46809894, 0.40795207][-0.2702071, 0.9241083, 0.2702071]
[-0.37369794, 0.4106754][-0.21906383, 0.93649787, 0.2738298]
[-0.2760417, 0.41230935][-0.16605026, 0.9464865, 0.27675042]
[-0.17805988, 0.41367102][-0.11155789, 0.95382, 0.27889472]
[-0.07942706, 0.41448802][-0.056041103, 0.95830286, 0.28020552]
[0.018554688, 0.41448802][0.0, 0.9598112, 0.28064656]
[0.1165365, 0.41312635][0.056041103, 0.95830286, 0.28020552]
[0.21451819, 0.4114924][0.11155789, 0.95382, 0.27889472]
[0.31152344, 0.4098584][0.16605026, 0.9464865, 0.27675042]
[0.40787756, 0.40686274][0.21906383, 0.93649787, 0.2738298]
[0.50162756, 0.40332246][0.2702071, 0.9241083, 0.2702071]
[0.593099, 0.39923745][0.3191625, 0.9096131, 0.26596874]
[0.68066406, 0.3943355][0.36569107, 0.89333105, 0.2612079]
[0.764974, 0.38861656][0.40963206, 0.87558854, 0.25602004]
[0.8463541, 0.38262522][0.45089704, 0.85670435, 0.25049835]
[0.9231771, 0.375817][0.48946157, 0.83697927, 0.24473079]
[-0.9003906, 0.31045753][-0.49482518, 0.8461511, 0.19793008]
[-0.8235677, 0.31617647][-0.4560778, 0.8665478, 0.20270126]
[-0.7415365, 0.32053375][-0.41455227, 0.8861055, 0.20727614]
[-0.6542969, 0.3246187][-0.37026674, 0.9045087, 0.21158099]
[-0.5644531, 0.3270697][-0.3233057, 0.92142123, 0.21553713]
[-0.4720052, 0.3295207][-0.2738298, 0.93649787, 0.21906383]
[-0.37727863, 0.33142704][-0.22208177, 0.94939953, 0.22208177]
[-0.2786458, 0.33306104][-0.16838793, 0.9598112, 0.22451724]
[-0.180013, 0.33387798][-0.11315338, 0.9674614, 0.22630677]
[-0.08072919, 0.33387798][-0.056850307, 0.97214025, 0.22740123]
[0.018229127, 0.33387798][0.0, 0.97371507, 0.2277696]
[0.1171875, 0.33306104][0.056850307, 0.97214025, 0.22740123]
[0.21549475, 0.33197165][0.11315338, 0.9674614, 0.22630677]
[0.31282556, 0.33006537][0.16838793, 0.9598112, 0.22451724]
[0.41080725, 0.3278867][0.22208177, 0.94939953, 0.22208177]
[0.5052084, 0.3246187][0.2738298, 0.93649787, 0.21906383]
[0.59700525, 0.32135075][0.3233057, 0.92142123, 0.21553713]
[0.6855469, 0.31699347][0.37026674, 0.9045087, 0.21158099]
[0.7705078, 0.3123638][0.41455227, 0.8861055, 0.20727614]
[0.85123694, 0.30718952][0.4560778, 0.8665478, 0.20270126]
[0.92871094, 0.3017429][0.49482518, 0.8461511, 0.19793008]
[-0.9059245, 0.23502177][-0.49912107, 0.853497, 0.14973633]
[-0.82877606, 0.23910677][-0.46023315, 0.874443, 0.15341105]
[-0.74674475, 0.24264705][-0.41850418, 0.89455265, 0.15693906]
[-0.6585287, 0.24564272][-0.3739468, 0.9134986, 0.16026291]
[-0.56868494, 0.247549][-0.3266422, 0.9309302, 0.1633211]
[-0.47493488, 0.24945533][-0.27675042, 0.9464865, 0.16605026]
[-0.3798828, 0.250817][-0.22451724, 0.9598112, 0.16838793]
[-0.28125, 0.25190628][-0.17027599, 0.9705732, 0.17027599]
[-0.18164062, 0.25272328][-0.114442766, 0.97848564, 0.17166415]
[-0.08170575, 0.25245094][-0.057504512, 0.98332715, 0.17251353]
[0.017578125, 0.25217867][0.0, 0.98495704, 0.17279948]
[0.11686194, 0.251634][0.057504512, 0.98332715, 0.17251353]
[0.21647131, 0.25054467][0.114442766, 0.97848564, 0.17166415]
[0.31445312, 0.24891067][0.17027599, 0.9705732, 0.17027599]
[0.41276038, 0.24700433][0.22451724, 0.9598112, 0.16838793]
[0.5078125, 0.24482572][0.27675042, 0.9464865, 0.16605026]
[0.6002604, 0.24210238][0.3266422, 0.9309302, 0.1633211]
[0.6894531, 0.23883438][0.3739468, 0.9134986, 0.16026291]
[0.77506506, 0.2352941][0.41850418, 0.89455265, 0.15693906]
[0.8564453, 0.23093683][0.46023315, 0.874443, 0.15341105]
[0.93294275, 0.22657949][0.49912107, 0.853497, 0.14973633]
[-0.9088542, 0.15849674][-0.50225896, 0.8588628, 0.10045179]
[-0.8326823, 0.16122007][-0.46327174, 0.8802163, 0.10294928]
[-0.7503255, 0.16367102][-0.42139712, 0.90073633, 0.10534928]
[-0.6621094, 0.16557735][-0.3766436, 0.92008644, 0.10761245]
[-0.5716146, 0.16693896][-0.32908964, 0.93790543, 0.109696545]
[-0.47753906, 0.16802835][-0.27889472, 0.95382, 0.11155789]
[-0.38183594, 0.16857296][-0.22630677, 0.9674614, 0.11315338]
[-0.28255206, 0.16938996][-0.17166415, 0.97848564, 0.114442766]
[-0.18294269, 0.1696623][-0.11539123, 0.98659503, 0.11539123]
[-0.08300781, 0.1696623][-0.057985876, 0.99155843, 0.11597175]
[0.016927123, 0.1696623][0.0, 0.9932297, 0.11616721]
[0.11686194, 0.16857296][0.057985876, 0.99155843, 0.11597175]
[0.21679688, 0.16775596][0.11539123, 0.98659503, 0.11539123]
[0.31510413, 0.16666669][0.17166415, 0.97848564, 0.114442766]
[0.41373694, 0.16530496][0.22630677, 0.9674614, 0.11315338]
[0.5091146, 0.16339868][0.27889472, 0.95382, 0.11155789]
[0.60253906, 0.16149235][0.32908964, 0.93790543, 0.109696545]
[0.69205725, 0.15904135][0.3766436, 0.92008644, 0.10761245]
[0.7786459, 0.15659034][0.42139712, 0.90073633, 0.10534928]
[0.860026, 0.1533224][0.46327174, 0.8802163, 0.10294928]
[0.93652344, 0.1500544][0.50225896, 0.8588628, 0.10045179]
[-0.9121094, 0.081154704][-0.50417036, 0.8621313, 0.050417036]
[-0.83496094, 0.082788706][-0.46512404, 0.8837357, 0.05168045]
[-0.7526042, 0.08387798][-0.42316198, 0.9045087, 0.052895248]
[-0.66438806, 0.084967315][-0.37828997, 0.9241083, 0.054041423]
[-0.5732422, 0.08523965][-0.3305848, 0.9421667, 0.055097464]
[-0.4794922, 0.085784316][-0.28020552, 0.95830286, 0.056041103]
[-0.38378906, 0.08605665][-0.22740123, 0.97214025, 0.056850307]
[-0.2841797, 0.08632892][-0.17251353, 0.98332715, 0.057504512]
[-0.18424481, 0.08632892][-0.11597175, 0.99155843, 0.057985876]
[-0.083658874, 0.08605665][-0.05828056, 0.9965976, 0.05828056]
[0.016601562, 0.085784316][0.0, 0.9982945, 0.05837979]
[0.1165365, 0.084967315][0.05828056, 0.9965976, 0.05828056]
[0.21647131, 0.08442271][0.11597175, 0.99155843, 0.057985876]
[0.31510413, 0.08360571][0.17251353, 0.98332715, 0.057504512]
[0.4147135, 0.08251631][0.22740123, 0.97214025, 0.056850307]
[0.5091146, 0.08142698][0.28020552, 0.95830286, 0.056041103]
[0.6028646, 0.08006537][0.3305848, 0.9421667, 0.055097464]
[0.6933594, 0.0787037][0.37828997, 0.9241083, 0.054041423]
[0.7792969, 0.07706976][0.42316198, 0.9045087, 0.052895248]
[0.8619791, 0.07489103][0.46512404, 0.8837357, 0.05168045]
[0.9404297, 0.07325703][0.50417036, 0.8621313, 0.050417036]
[-0.91308594, 0.003812611][-0.50481236, 0.8632291, -0.0]
[-0.83658856, 0.003812611][-0.46574643, 0.8849183, -0.0]
[-0.75390625, 0.003812611][-0.4237552, 0.90577674, -0.0]
[-0.6653646, 0.003540337][-0.37884358, 0.92546076, -0.0]
[-0.5745443, 0.0032679439][-0.3310877, 0.9436, -0.0]
[-0.48046875, 0.0029956102][-0.28064656, 0.9598112, -0.0]
[-0.38444012, 0.002450943][-0.2277696, 0.97371507, -0.0]
[-0.2845052, 0.002450943][-0.17279948, 0.98495704, -0.0]
[-0.18522137, 0.0021786094][-0.11616721, 0.9932297, -0.0]
[-0.08463544, 0.0019063354][-0.05837979, 0.9982945, -0.0]
[0.01595056, 0.0013616085][0.0, 1.0, -0.0]
[0.11621094, 8.1700087E-4][0.05837979, 0.9982945, -0.0]
[0.21614587, 5.4460764E-4][0.11616721, 0.9932297, -0.0]
[0.3147787, -0.0][0.17279948, 0.98495704, -0.0]
[0.41373694, -5.4466724E-4][0.2277696, 0.97371507, -0.0]
[0.5097656, -0.0013616085][0.28064656, 0.9598112, -0.0]
[0.6035156, -0.001906395][0.3310877, 0.9436, -0.0]
[0.69368494, -0.002450943][0.37884358, 0.92546076, -0.0]
[0.7792969, -0.0029956102][0.4237552, 0.90577674, -0.0]
[0.86035156, -0.0035403967][0.46574643, 0.8849183, -0.0]
[0.93717444, -0.0040849447][0.50481236, 0.8632291, -0.0]
[-0.91308594, -0.073801756][-0.50417036, 0.8621313, -0.050417036]
[-0.836263, -0.07543576][-0.46512404, 0.8837357, -0.05168045]
[-0.75358075, -0.07625282][-0.42316198, 0.9045087, -0.052895248]
[-0.6653646, -0.07734203][-0.37828997, 0.9241083, -0.054041423]
[-0.57486975, -0.07870376][-0.3305848, 0.9421667, -0.055097464]
[-0.48079425, -0.0795207][-0.28020552, 0.95830286, -0.056041103]
[-0.38444012, -0.08033776][-0.22740123, 0.97214025, -0.056850307]
[-0.28515625, -0.081154704][-0.17251353, 0.98332715, -0.057504512]
[-0.18522137, -0.08169937][-0.11597175, 0.99155843, -0.057985876]
[-0.08496094, -0.081971765][-0.05828056, 0.9965976, -0.05828056]
[0.015299439, -0.082788706][0.0, 0.9982945, -0.05837979]
[0.115559936, -0.08306098][0.05828056, 0.9965976, -0.05828056]
[0.21516931, -0.08333337][0.11597175, 0.99155843, -0.057985876]
[0.31412756, -0.08360577][0.17251353, 0.98332715, -0.057504512]
[0.41308594, -0.08387792][0.22740123, 0.97214025, -0.056850307]
[0.50878906, -0.08387792][0.28020552, 0.95830286, -0.056041103]
[0.6028646, -0.08360577][0.3305848, 0.9421667, -0.055097464]
[0.69205725, -0.08360577][0.37828997, 0.9241083, -0.054041423]
[0.7776693, -0.08306098][0.42316198, 0.9045087, -0.052895248]
[0.85904944, -0.08224404][0.46512404, 0.8837357, -0.05168045]
[0.9361979, -0.08169937][0.50417036, 0.8621313, -0.050417036]
[-0.9111328, -0.15032685][-0.50225896, 0.8588628, -0.10045179]
[-0.83528644, -0.15359473][-0.46327174, 0.8802163, -0.10294928]
[-0.7529297, -0.1557734][-0.42139712, 0.90073633, -0.10534928]
[-0.66438806, -0.15795207][-0.3766436, 0.92008644, -0.10761245]
[-0.57356775, -0.16013074][-0.32908964, 0.93790543, -0.109696545]
[-0.48014325, -0.16122007][-0.27889472, 0.95382, -0.11155789]
[-0.38378906, -0.16258168][-0.22630677, 0.9674614, -0.11315338]
[-0.28515625, -0.16339874][-0.17166415, 0.97848564, -0.114442766]
[-0.18554688, -0.16476035][-0.11539123, 0.98659503, -0.11539123]
[-0.08528644, -0.16503274][-0.057985876, 0.99155843, -0.11597175]
[0.0146484375, -0.16584969][0.0, 0.9932297, -0.11616721]
[0.11425781, -0.16612208][0.057985876, 0.99155843, -0.11597175]
[0.21419275, -0.16639435][0.11539123, 0.98659503, -0.11539123]
[0.31282556, -0.16639435][0.17166415, 0.97848564, -0.114442766]
[0.4111328, -0.16612208][0.22630677, 0.9674614, -0.11315338]
[0.50683594, -0.16557729][0.27889472, 0.95382, -0.11155789]
[0.5996094, -0.16476035][0.32908964, 0.93790543, -0.109696545]
[0.68912756, -0.16367102][0.3766436, 0.92008644, -0.10761245]
[0.7753906, -0.16203713][0.42139712, 0.90073633, -0.10534928]
[0.85839844, -0.16013074][0.46327174, 0.8802163, -0.10294928]
[0.93359375, -0.15822434][0.50225896, 0.8588628, -0.10045179]
[-0.9091797, -0.2273966][-0.49912107, 0.853497, -0.14973633]
[-0.8326823, -0.23175383][-0.46023315, 0.874443, -0.15341105]
[-0.7503255, -0.2352941][-0.41850418, 0.89455265, -0.15693906]
[-0.6627604, -0.23828971][-0.3739468, 0.9134986, -0.16026291]
[-0.5716146, -0.24101305][-0.3266422, 0.9309302, -0.1633211]
[-0.47851562, -0.24291945][-0.27675042, 0.9464865, -0.16605026]
[-0.3828125, -0.24482572][-0.22451724, 0.9598112, -0.16838793]
[-0.2845052, -0.24645972][-0.17027599, 0.9705732, -0.17027599]
[-0.18522137, -0.24727666][-0.114442766, 0.97848564, -0.17166415]
[-0.085612, -0.2480936][-0.057504512, 0.98332715, -0.17251353]
[0.013346314, -0.24863839][0.0, 0.98495704, -0.17279948]
[0.11328125, -0.24945533][0.057504512, 0.98332715, -0.17251353]
[0.21191406, -0.24918306][0.114442766, 0.97848564, -0.17166415]
[0.31054688, -0.24918306][0.17027599, 0.9705732, -0.17027599]
[0.40885413, -0.248366][0.22451724, 0.9598112, -0.16838793]
[0.50390625, -0.24727666][0.27675042, 0.9464865, -0.16605026]
[0.5966797, -0.24564266][0.3266422, 0.9309302, -0.1633211]
[0.6861979, -0.24346411][0.3739468, 0.9134986, -0.16026291]
[0.7727865, -0.24128544][0.41850418, 0.89455265, -0.15693906]
[0.85546875, -0.2385621][0.46023315, 0.874443, -0.15341105]
[0.93294275, -0.23502171][0.49912107, 0.853497, -0.14973633]
[-0.9042969, -0.30310464][-0.49482518, 0.8461511, -0.19793008]
[-0.82877606, -0.30936813][-0.4560778, 0.8665478, -0.20270126]
[-0.7477213, -0.31372547][-0.41455227, 0.8861055, -0.20727614]
[-0.6588541, -0.31753814][-0.37026674, 0.9045087, -0.21158099]
[-0.5690104, -0.32107842][-0.3233057, 0.92142123, -0.21553713]
[-0.476237, -0.32352948][-0.2738298, 0.93649787, -0.21906383]
[-0.38183594, -0.32570803][-0.22208177, 0.94939953, -0.22208177]
[-0.28352863, -0.32815897][-0.16838793, 0.9598112, -0.22451724]
[-0.18489581, -0.3295207][-0.11315338, 0.9674614, -0.22630677]
[-0.0859375, -0.33033776][-0.056850307, 0.97214025, -0.22740123]
[0.0126953125, -0.33033776][0.0, 0.97371507, -0.2277696]
[0.11197913, -0.3308823][0.056850307, 0.97214025, -0.22740123]
[0.20996094, -0.33061004][0.11315338, 0.9674614, -0.22630677]
[0.30794275, -0.33033776][0.16838793, 0.9598112, -0.22451724]
[0.40527344, -0.32897604][0.22208177, 0.94939953, -0.22208177]
[0.5, -0.32761443][0.2738298, 0.93649787, -0.21906383]
[0.59277344, -0.32543576][0.3233057, 0.92142123, -0.21553713]
[0.6819662, -0.32244003][0.37026674, 0.9045087, -0.21158099]
[0.7675781, -0.31917214][0.41455227, 0.8861055, -0.20727614]
[0.85058594, -0.31590414][0.4560778, 0.8665478, -0.20270126]
[0.92936194, -0.3118192][0.49482518, 0.8461511, -0.19793008]
[-0.9000651, -0.3785404][-0.48946157, 0.83697927, -0.24473079]
[-0.82454425, -0.38534856][-0.45089704, 0.85670435, -0.25049835]
[-0.74251306, -0.3910675][-0.40963206, 0.87558854, -0.25602004]
[-0.6549479, -0.39569724][-0.36569107, 0.89333105, -0.2612079]
[-0.5651041, -0.40005445][-0.3191625, 0.9096131, -0.26596874]
[-0.47298175, -0.40332246][-0.2702071, 0.9241083, -0.2702071]
[-0.37858075, -0.40550113][-0.21906383, 0.93649787, -0.2738298]
[-0.2815755, -0.40822434][-0.16605026, 0.9464865, -0.27675042]
[-0.18391925, -0.40985835][-0.11155789, 0.95382, -0.27889472]
[-0.085612, -0.4106754][-0.056041103, 0.95830286, -0.28020552]
[0.012369752, -0.41094768][0.0, 0.9598112, -0.28064656]
[0.11067712, -0.41149235][0.056041103, 0.95830286, -0.28020552]
[0.20800781, -0.4106754][0.11155789, 0.95382, -0.27889472]
[0.30436194, -0.41040313][0.16605026, 0.9464865, -0.27675042]
[0.40169275, -0.4090414][0.21906383, 0.93649787, -0.2738298]
[0.49544275, -0.40713513][0.2702071, 0.9241083, -0.2702071]
[0.5878906, -0.4041394][0.3191625, 0.9096131, -0.26596874]
[0.6767578, -0.40059912][0.36569107, 0.89333105, -0.2612079]
[0.7613932, -0.3962419][0.40963206, 0.87558854, -0.25602004]
[0.84277344, -0.39188457][0.45089704, 0.85670435, -0.25049835]
[0.9205729, -0.38616562][0.48946157, 0.83697927, -0.24473079]
[-0.8961589, -0.45261443][-0.48313686, 0.82616407, -0.28988212]
[-0.81901044, -0.46023965][-0.44479847, 0.8451171, -0.29653233]
[-0.73763025, -0.46650326][-0.40384987, 0.8632291, -0.3028874]
[-0.6503906, -0.47194982][-0.36032248, 0.8802163, -0.3088478]
[-0.5611979, -0.47685182][-0.31430846, 0.8957792, -0.31430846]
[-0.46972656, -0.48011982][-0.26596874, 0.9096131, -0.3191625]
[-0.37597656, -0.48338783][-0.21553713, 0.92142123, -0.3233057]
[-0.27962238, -0.48583877][-0.1633211, 0.9309302, -0.3266422]
[-0.18294269, -0.48774517][-0.109696545, 0.93790543, -0.32908964]
[-0.085612, -0.4888345][-0.055097464, 0.9421667, -0.3305848]
[0.011067748, -0.48910677][0.0, 0.9436, -0.3310877]
[0.10839844, -0.48910677][0.055097464, 0.9421667, -0.3305848]
[0.20507812, -0.48910677][0.109696545, 0.93790543, -0.32908964]
[0.30078125, -0.4882897][0.1633211, 0.9309302, -0.3266422]
[0.39746094, -0.48638344][0.21553713, 0.92142123, -0.3233057]
[0.49023438, -0.4839325][0.26596874, 0.9096131, -0.3191625]
[0.58138025, -0.4806645][0.31430846, 0.8957792, -0.31430846]
[0.6692709, -0.47603488][0.36032248, 0.8802163, -0.3088478]
[0.7535807, -0.4708606][0.40384987, 0.8632291, -0.3028874]
[0.8346354, -0.46514165][0.44479847, 0.8451171, -0.29653233]
[0.9111328, -0.45887792][0.48313686, 0.82616407, -0.28988212]
[-0.8873698, -0.52205884][-0.47596928, 0.81390744, -0.3331785]
[-0.81184894, -0.5307734][-0.43790048, 0.8320109, -0.34058926]
[-0.72981775, -0.53812635][-0.39732212, 0.84927607, -0.34765685]
[-0.6442057, -0.5443901][-0.3542726, 0.8654374, -0.3542726]
[-0.5566406, -0.54956424][-0.3088478, 0.8802163, -0.36032248]
[-0.4658203, -0.554194][-0.2612079, 0.89333105, -0.36569107]
[-0.37272137, -0.557462][-0.21158099, 0.9045087, -0.37026674]
[-0.2783203, -0.5601852][-0.16026291, 0.9134986, -0.3739468]
[-0.18196613, -0.56209147][-0.10761245, 0.92008644, -0.3766436]
[-0.08528644, -0.56263614][-0.054041423, 0.9241083, -0.37828997]
[0.010416627, -0.56290853][0.0, 0.92546076, -0.37884358]
[0.10579431, -0.5631809][0.054041423, 0.9241083, -0.37828997]
[0.202474, -0.56290853][0.10761245, 0.92008644, -0.3766436]
[0.29720056, -0.56209147][0.16026291, 0.9134986, -0.3739468]
[0.39225256, -0.5601852][0.21158099, 0.9045087, -0.37026674]
[0.484375, -0.5571896][0.2612079, 0.89333105, -0.36569107]
[0.57486975, -0.55310464][0.3088478, 0.8802163, -0.36032248]
[0.6617838, -0.54793024][0.3542726, 0.8654374, -0.3542726]
[0.74544275, -0.541939][0.39732212, 0.84927607, -0.34765685]
[0.8251953, -0.5356754][0.43790048, 0.8320109, -0.34058926]
[0.9020182, -0.52832246][0.47596928, 0.81390744, -0.3331785]
[-0.87923175, -0.5893247][-0.46808252, 0.8004211, -0.37446603]
[-0.80371094, -0.5996733][-0.43032655, 0.81762046, -0.3825125]
[-0.72330725, -0.60811555][-0.39016965, 0.8339876, -0.39016965]
[-0.6380209, -0.6151961][-0.34765685, 0.84927607, -0.39732212]
[-0.5511068, -0.62091506][-0.3028874, 0.8632291, -0.40384987]
[-0.461263, -0.625][-0.25602004, 0.87558854, -0.40963206]
[-0.36946613, -0.6279956][-0.20727614, 0.8861055, -0.41455227]
[-0.27506512, -0.63099134][-0.15693906, 0.89455265, -0.41850418]
[-0.18033856, -0.63371456][-0.10534928, 0.90073633, -0.42139712]
[-0.08463544, -0.6350763][-0.052895248, 0.9045087, -0.42316198]
[0.009765625, -0.63534856][0.0, 0.90577674, -0.4237552]
[0.10449219, -0.63534856][0.052895248, 0.9045087, -0.42316198]
[0.19954431, -0.63534856][0.10534928, 0.90073633, -0.42139712]
[0.29296875, -0.63425934][0.15693906, 0.89455265, -0.41850418]
[0.3870443, -0.63208055][0.20727614, 0.8861055, -0.41455227]
[0.47819006, -0.6285404][0.25602004, 0.87558854, -0.40963206]
[0.5673828, -0.62391067][0.3028874, 0.8632291, -0.40384987]
[0.6539713, -0.61791945][0.34765685, 0.84927607, -0.39732212]
[0.7369791, -0.6119281][0.39016965, 0.8339876, -0.39016965]
[0.8177084, -0.60457516][0.43032655, 0.81762046, -0.3825125]
[0.8932291, -0.59667766][0.46808252, 0.8004211, -0.37446603]
[-0.8688151, -0.65686274][-0.45960134, 0.7859183, -0.4136412]
[-0.7936198, -0.6683006][-0.42220032, 0.80218065, -0.42220032]
[-0.7145182, -0.6767429][-0.3825125, 0.81762046, -0.43032655]
[-0.6305338, -0.6846405][-0.34058926, 0.8320109, -0.43790048]
[-0.54361975, -0.68954253][-0.29653233, 0.8451171, -0.44479847]
[-0.45507812, -0.69389975][-0.25049835, 0.85670435, -0.45089704]
[-0.36490887, -0.6966232][-0.20270126, 0.8665478, -0.4560778]
[-0.27115887, -0.70043564][-0.15341105, 0.874443, -0.46023315]
[-0.17871094, -0.7031591][-0.10294928, 0.8802163, -0.46327174]
[-0.08463544, -0.7047931][-0.05168045, 0.8837357, -0.46512404]
[0.009440064, -0.70561016][0.0, 0.8849183, -0.46574643]
[0.10253906, -0.70561016][0.05168045, 0.8837357, -0.46512404]
[0.19661462, -0.70588243][0.10294928, 0.8802163, -0.46327174]
[0.28873694, -0.7047931][0.15341105, 0.874443, -0.46023315]
[0.38183594, -0.70234215][0.20270126, 0.8665478, -0.4560778]
[0.47135413, -0.6979847][0.25049835, 0.85670435, -0.45089704]
[0.5595703, -0.69253826][0.29653233, 0.8451171, -0.44479847]
[0.64518225, -0.6865468][0.34058926, 0.8320109, -0.43790048]
[0.7278646, -0.6800108][0.3825125, 0.81762046, -0.43032655]
[0.8069662, -0.67265797][0.42220032, 0.80218065, -0.42220032]
[0.8834635, -0.6639433][0.45960134, 0.7859183, -0.4136412]
[-0.8590495, -0.7208605][-0.4506471, 0.7706065, -0.4506471]
[-0.78515625, -0.73311543][-0.4136412, 0.7859183, -0.45960134]
[-0.70703125, -0.74319184][-0.37446603, 0.8004211, -0.46808252]
[-0.6223959, -0.7505448][-0.3331785, 0.81390744, -0.47596928]
[-0.5361328, -0.7559912][-0.28988212, 0.82616407, -0.48313686]
[-0.4485677, -0.7598039][-0.24473079, 0.83697927, -0.48946157]
[-0.36002606, -0.7630719][-0.19793008, 0.8461511, -0.49482518]
[-0.26757812, -0.7660676][-0.14973633, 0.853497, -0.49912107]
[-0.17610675, -0.7698802][-0.10045179, 0.8588628, -0.50225896]
[-0.083658874, -0.77151406][-0.050417036, 0.8621313, -0.50417036]
[0.008463502, -0.77260363][0.0, 0.8632291, -0.50481236]
[0.1009115, -0.77369285][0.050417036, 0.8621313, -0.50417036]
[0.19303381, -0.7734206][0.10045179, 0.8588628, -0.50225896]
[0.28450525, -0.77260363][0.14973633, 0.853497, -0.49912107]
[0.375651, -0.76879084][0.19793008, 0.8461511, -0.49482518]
[0.4632162, -0.76225495][0.24473079, 0.83697927, -0.48946157]
[0.5491537, -0.7559912][0.28988212, 0.82616407, -0.48313686]
[0.6334635, -0.75][0.3331785, 0.81390744, -0.47596928]
[0.7164713, -0.7440088][0.37446603, 0.8004211, -0.46808252]
[0.79654944, -0.7372004][0.4136412, 0.7859183, -0.45960134]
[0.8736979, -0.7293029][0.4506471, 0.7706065, -0.4506471]
