pointsX[21]
pointsY[21]
resX:[2048]
resY:[2448]
dstX:[10.0]
dstY:[10.0]
dstCamera:[171.0]
[-0.8330078, 0.71486926][-0.4506471, 0.7706065, 0.4506471]
[-0.75423175, 0.7227669][-0.4136412, 0.7859183, 0.45960134]
[-0.6754557, 0.73093677][-0.37446603, 0.8004211, 0.46808252]
[-0.5917969, 0.7377451][-0.3331785, 0.81390744, 0.47596928]
[-0.50748694, 0.74400866][-0.28988212, 0.82616407, 0.48313686]
[-0.42122394, 0.749183][-0.24473079, 0.83697927, 0.48946157]
[-0.33235675, 0.7535403][-0.19793008, 0.8461511, 0.49482518]
[-0.24088544, 0.75871456][-0.14973633, 0.853497, 0.49912107]
[-0.14908856, 0.7617102][-0.10045179, 0.8588628, 0.50225896]
[-0.056315124, 0.76198256][-0.050417036, 0.8621313, 0.50417036]
[0.03548181, 0.76116556][0.0, 0.8632291, 0.50481236]
[0.12727869, 0.76034856][0.050417036, 0.8621313, 0.50417036]
[0.21907556, 0.75871456][0.10045179, 0.8588628, 0.50225896]
[0.3095703, 0.7546296][0.14973633, 0.853497, 0.49912107]
[0.40006506, 0.74972767][0.19793008, 0.8461511, 0.49482518]
[0.4879557, 0.74400866][0.24473079, 0.83697927, 0.48946157]
[0.57421875, 0.7382897][0.28988212, 0.82616407, 0.48313686]
[0.65787756, 0.7320261][0.3331785, 0.81390744, 0.47596928]
[0.7395834, 0.7244009][0.37446603, 0.8004211, 0.46808252]
[0.8173828, 0.7154139][0.4136412, 0.7859183, 0.45960134]
[0.89388025, 0.70697165][0.4506471, 0.7706065, 0.4506471]
[-0.8440755, 0.6514161][-0.45960134, 0.7859183, 0.4136412]
[-0.7659505, 0.6587691][-0.42220032, 0.80218065, 0.42220032]
[-0.6852213, 0.6666666][-0.3825125, 0.81762046, 0.43032655]
[-0.60123694, 0.67265797][-0.34058926, 0.8320109, 0.43790048]
[-0.515625, 0.6783769][-0.29653233, 0.8451171, 0.44479847]
[-0.42773438, 0.6830065][-0.25049835, 0.85670435, 0.45089704]
[-0.33821613, 0.6881808][-0.20270126, 0.8665478, 0.4560778]
[-0.24544269, 0.6919935][-0.15341105, 0.874443, 0.46023315]
[-0.15169269, 0.6949891][-0.10294928, 0.8802163, 0.46327174]
[-0.05794269, 0.6958061][-0.05168045, 0.8837357, 0.46512404]
[0.03515625, 0.69553375][0.0, 0.8849183, 0.46574643]
[0.12858069, 0.6949891][0.05168045, 0.8837357, 0.46512404]
[0.22200525, 0.6933551][0.10294928, 0.8802163, 0.46327174]
[0.31347656, 0.6895425][0.15341105, 0.874443, 0.46023315]
[0.405599, 0.68491286][0.20270126, 0.8665478, 0.4560778]
[0.49381506, 0.6783769][0.25049835, 0.85670435, 0.45089704]
[0.58138025, 0.67293024][0.29653233, 0.8451171, 0.44479847]
[0.6663412, 0.6666666][0.34058926, 0.8320109, 0.43790048]
[0.7480469, 0.6593137][0.3825125, 0.81762046, 0.43032655]
[0.827474, 0.6511438][0.42220032, 0.80218065, 0.42220032]
[0.90462244, 0.6435185][0.45960134, 0.7859183, 0.4136412]
[-0.8548177, 0.584695][-0.46808252, 0.8004211, 0.37446603]
[-0.7757161, 0.5920479][-0.43032655, 0.81762046, 0.3825125]
[-0.6940104, 0.5985839][-0.39016965, 0.8339876, 0.39016965]
[-0.60904944, 0.60457516][-0.34765685, 0.84927607, 0.39732212]
[-0.52246094, 0.60974944][-0.3028874, 0.8632291, 0.40384987]
[-0.43391925, 0.61437905][-0.25602004, 0.87558854, 0.40963206]
[-0.34309894, 0.61900866][-0.20727614, 0.8861055, 0.41455227]
[-0.24902344, 0.62227666][-0.15693906, 0.89455265, 0.41850418]
[-0.15462238, 0.625][-0.10534928, 0.90073633, 0.42139712]
[-0.059570312, 0.626634][-0.052895248, 0.9045087, 0.42316198]
[0.03515625, 0.626634][0.0, 0.90577674, 0.4237552]
[0.12988281, 0.62554467][0.052895248, 0.9045087, 0.42316198]
[0.22428381, 0.62391067][0.10534928, 0.90073633, 0.42139712]
[0.3173828, 0.6198257][0.15693906, 0.89455265, 0.41850418]
[0.4098307, 0.6154684][0.20727614, 0.8861055, 0.41455227]
[0.5, 0.61002177][0.25602004, 0.87558854, 0.40963206]
[0.5885416, 0.6048475][0.3028874, 0.8632291, 0.40384987]
[0.6738281, 0.5985839][0.34765685, 0.84927607, 0.39732212]
[0.7565104, 0.5917756][0.39016965, 0.8339876, 0.39016965]
[0.8365885, 0.58442265][0.43032655, 0.81762046, 0.3825125]
[0.91373694, 0.57679737][0.46808252, 0.8004211, 0.37446603]
[-0.8616536, 0.5147059][-0.47596928, 0.81390744, 0.3331785]
[-0.7841797, 0.5228758][-0.43790048, 0.8320109, 0.34058926]
[-0.70214844, 0.52886707][-0.39732212, 0.84927607, 0.34765685]
[-0.6158854, 0.5340414][-0.3542726, 0.8654374, 0.3542726]
[-0.5292969, 0.5392157][-0.3088478, 0.8802163, 0.36032248]
[-0.43977863, 0.5433006][-0.2612079, 0.89333105, 0.36569107]
[-0.34798175, 0.5471133][-0.21158099, 0.9045087, 0.37026674]
[-0.2526042, 0.5506536][-0.16026291, 0.9134986, 0.3739468]
[-0.15690106, 0.55255985][-0.10761245, 0.92008644, 0.3766436]
[-0.060872376, 0.5539216][-0.054041423, 0.9241083, 0.37828997]
[0.03483069, 0.5539216][0.0, 0.92546076, 0.37884358]
[0.13053381, 0.5533769][0.054041423, 0.9241083, 0.37828997]
[0.22623694, 0.5509259][0.10761245, 0.92008644, 0.3766436]
[0.32063806, 0.5484749][0.16026291, 0.9134986, 0.3739468]
[0.4140625, 0.54357296][0.21158099, 0.9045087, 0.37026674]
[0.5052084, 0.5392157][0.2612079, 0.89333105, 0.36569107]
[0.59472656, 0.5340414][0.3088478, 0.8802163, 0.36032248]
[0.6809896, 0.52859473][0.3542726, 0.8654374, 0.3542726]
[0.7643229, 0.5223311][0.39732212, 0.84927607, 0.34765685]
[0.84472656, 0.51552284][0.43790048, 0.8320109, 0.34058926]
[0.922526, 0.5081699][0.47596928, 0.81390744, 0.3331785]
[-0.8694661, 0.44362742][-0.48313686, 0.82616407, 0.28988212]
[-0.7913411, 0.4504357][-0.44479847, 0.8451171, 0.29653233]
[-0.7096354, 0.45615464][-0.40384987, 0.8632291, 0.3028874]
[-0.6227213, 0.46078432][-0.36032248, 0.8802163, 0.3088478]
[-0.53515625, 0.46541393][-0.31430846, 0.8957792, 0.31430846]
[-0.44466144, 0.46922654][-0.26596874, 0.9096131, 0.3191625]
[-0.35221356, 0.47249454][-0.21553713, 0.92142123, 0.3233057]
[-0.25585938, 0.4754902][-0.1633211, 0.9309302, 0.3266422]
[-0.15917969, 0.47712415][-0.109696545, 0.93790543, 0.32908964]
[-0.0621745, 0.4782135][-0.055097464, 0.9421667, 0.3305848]
[0.034505248, 0.47848582][0.0, 0.9436, 0.3310877]
[0.13183594, 0.4773965][0.055097464, 0.9421667, 0.3305848]
[0.22786462, 0.4754902][0.109696545, 0.93790543, 0.32908964]
[0.32356775, 0.47276688][0.1633211, 0.9309302, 0.3266422]
[0.41796875, 0.46922654][0.21553713, 0.92142123, 0.3233057]
[0.5097656, 0.4651416][0.26596874, 0.9096131, 0.3191625]
[0.59993494, 0.46078432][0.31430846, 0.8957792, 0.31430846]
[0.68717444, 0.45615464][0.36032248, 0.8802163, 0.3088478]
[0.7711588, 0.45016336][0.40384987, 0.8632291, 0.3028874]
[0.85253906, 0.44389975][0.44479847, 0.8451171, 0.29653233]
[0.93066406, 0.4376362][0.48313686, 0.82616407, 0.28988212]
[-0.8769531, 0.370915][-0.48946157, 0.83697927, 0.24473079]
[-0.79785156, 0.376634][-0.45089704, 0.85670435, 0.25049835]
[-0.71549475, 0.38153595][-0.40963206, 0.87558854, 0.25602004]
[-0.62890625, 0.38616556][-0.36569107, 0.89333105, 0.2612079]
[-0.5410156, 0.39025056][-0.3191625, 0.9096131, 0.26596874]
[-0.4498698, 0.3935185][-0.2702071, 0.9241083, 0.2702071]
[-0.3564453, 0.39624184][-0.21906383, 0.93649787, 0.2738298]
[-0.25911456, 0.39814812][-0.16605026, 0.9464865, 0.27675042]
[-0.16145831, 0.40005445][-0.11155789, 0.95382, 0.27889472]
[-0.06315106, 0.40087146][-0.056041103, 0.95830286, 0.28020552]
[0.034505248, 0.4011438][0.0, 0.9598112, 0.28064656]
[0.1321615, 0.40005445][0.056041103, 0.95830286, 0.28020552]
[0.22949219, 0.3986928][0.11155789, 0.95382, 0.27889472]
[0.32552087, 0.39624184][0.16605026, 0.9464865, 0.27675042]
[0.42154944, 0.39297384][0.21906383, 0.93649787, 0.2738298]
[0.5143229, 0.38943356][0.2702071, 0.9241083, 0.2702071]
[0.60481775, 0.3856209][0.3191625, 0.9096131, 0.26596874]
[0.6927084, 0.38099128][0.36569107, 0.89333105, 0.2612079]
[0.77734375, 0.37636167][0.40963206, 0.87558854, 0.25602004]
[0.859375, 0.37118733][0.45089704, 0.85670435, 0.25049835]
[0.938151, 0.36601305][0.48946157, 0.83697927, 0.24473079]
[-0.88378906, 0.2968409][-0.49482518, 0.8461511, 0.19793008]
[-0.80403644, 0.3017429][-0.4560778, 0.8665478, 0.20270126]
[-0.7216797, 0.30582786][-0.41455227, 0.8861055, 0.20727614]
[-0.6354166, 0.3093682][-0.37026674, 0.9045087, 0.21158099]
[-0.5455729, 0.3123638][-0.3233057, 0.92142123, 0.21553713]
[-0.45377606, 0.31508714][-0.2738298, 0.93649787, 0.21906383]
[-0.3597005, 0.31726575][-0.22208177, 0.94939953, 0.22208177]
[-0.26204425, 0.31917214][-0.16838793, 0.9598112, 0.22451724]
[-0.16341144, 0.32053375][-0.11315338, 0.9674614, 0.22630677]
[-0.064778626, 0.32135075][-0.056850307, 0.97214025, 0.22740123]
[0.034179688, 0.32107842][0.0, 0.97371507, 0.2277696]
[0.1328125, 0.32026142][0.056850307, 0.97214025, 0.22740123]
[0.23079431, 0.31862742][0.11315338, 0.9674614, 0.22630677]
[0.327474, 0.31699347][0.16838793, 0.9598112, 0.22451724]
[0.42447913, 0.31454247][0.22208177, 0.94939953, 0.22208177]
[0.5182291, 0.3118192][0.2738298, 0.93649787, 0.21906383]
[0.60904944, 0.30827886][0.3233057, 0.92142123, 0.21553713]
[0.6975912, 0.30446625][0.37026674, 0.9045087, 0.21158099]
[0.78287756, 0.30038124][0.41455227, 0.8861055, 0.20727614]
[0.8649088, 0.29602396][0.4560778, 0.8665478, 0.20270126]
[0.9433594, 0.29139435][0.49482518, 0.8461511, 0.19793008]
[-0.88964844, 0.22194988][-0.49912107, 0.853497, 0.14973633]
[-0.8095703, 0.22521788][-0.46023315, 0.874443, 0.15341105]
[-0.7272135, 0.22848582][-0.41850418, 0.89455265, 0.15693906]
[-0.6393229, 0.23093683][-0.3739468, 0.9134986, 0.16026291]
[-0.5494791, 0.23338783][-0.3266422, 0.9309302, 0.1633211]
[-0.45670575, 0.2352941][-0.27675042, 0.9464865, 0.16605026]
[-0.3619792, 0.23665577][-0.22451724, 0.9598112, 0.16838793]
[-0.26432294, 0.2385621][-0.17027599, 0.9705732, 0.17027599]
[-0.16503906, 0.23937905][-0.114442766, 0.97848564, 0.17166415]
[-0.06510419, 0.23992378][-0.057504512, 0.98332715, 0.17251353]
[0.033854127, 0.23965138][0.0, 0.98495704, 0.17279948]
[0.13313806, 0.23883438][0.057504512, 0.98332715, 0.17251353]
[0.23177087, 0.2377451][0.114442766, 0.97848564, 0.17166415]
[0.32910156, 0.23638344][0.17027599, 0.9705732, 0.17027599]
[0.4267578, 0.2344771][0.22451724, 0.9598112, 0.16838793]
[0.5208334, 0.23202616][0.27675042, 0.9464865, 0.16605026]
[0.6123047, 0.22930282][0.3266422, 0.9309302, 0.1633211]
[0.7011719, 0.22657949][0.3739468, 0.9134986, 0.16026291]
[0.7871094, 0.22331154][0.41850418, 0.89455265, 0.15693906]
[0.8697916, 0.22004354][0.46023315, 0.874443, 0.15341105]
[0.9482422, 0.21650326][0.49912107, 0.853497, 0.14973633]
[-0.89192706, 0.14515245][-0.50225896, 0.8588628, 0.10045179]
[-0.81380206, 0.14733118][-0.46327174, 0.8802163, 0.10294928]
[-0.73046875, 0.1500544][-0.42139712, 0.90073633, 0.10534928]
[-0.64225256, 0.1516884][-0.3766436, 0.92008644, 0.10761245]
[-0.5524088, 0.15305012][-0.32908964, 0.93790543, 0.109696545]
[-0.45930988, 0.15441173][-0.27889472, 0.95382, 0.11155789]
[-0.3642578, 0.15522873][-0.22630677, 0.9674614, 0.11315338]
[-0.265625, 0.15659034][-0.17166415, 0.97848564, 0.114442766]
[-0.16634113, 0.15659034][-0.11539123, 0.98659503, 0.11539123]
[-0.06608075, 0.15686274][-0.057985876, 0.99155843, 0.11597175]
[0.033203125, 0.15686274][0.0, 0.9932297, 0.11616721]
[0.13313806, 0.15659034][0.057985876, 0.99155843, 0.11597175]
[0.23242188, 0.1557734][0.11539123, 0.98659503, 0.11539123]
[0.3304037, 0.15468413][0.17166415, 0.97848564, 0.114442766]
[0.42838538, 0.1533224][0.22630677, 0.9674614, 0.11315338]
[0.52246094, 0.15141612][0.27889472, 0.95382, 0.11155789]
[0.6145834, 0.14950979][0.32908964, 0.93790543, 0.109696545]
[0.703776, 0.14733118][0.3766436, 0.92008644, 0.10761245]
[0.7897135, 0.14488018][0.42139712, 0.90073633, 0.10534928]
[0.8727213, 0.1427015][0.46327174, 0.8802163, 0.10294928]
[0.9511719, 0.1402505][0.50225896, 0.8588628, 0.10045179]
[-0.8935547, 0.06808281][-0.50417036, 0.8621313, 0.050417036]
[-0.8154297, 0.06944442][-0.46512404, 0.8837357, 0.05168045]
[-0.7324219, 0.07026142][-0.42316198, 0.9045087, 0.052895248]
[-0.6442057, 0.07162303][-0.37828997, 0.9241083, 0.054041423]
[-0.55436194, 0.07162303][-0.3305848, 0.9421667, 0.055097464]
[-0.461263, 0.07244003][-0.28020552, 0.95830286, 0.056041103]
[-0.36588544, 0.07325703][-0.22740123, 0.97214025, 0.056850307]
[-0.26660156, 0.07325703][-0.17251353, 0.98332715, 0.057504512]
[-0.16699219, 0.07325703][-0.11597175, 0.99155843, 0.057985876]
[-0.06705731, 0.07325703][-0.05828056, 0.9965976, 0.05828056]
[0.032877564, 0.07325703][0.0, 0.9982945, 0.05837979]
[0.13313806, 0.072984755][0.05828056, 0.9965976, 0.05828056]
[0.23274744, 0.072167754][0.11597175, 0.99155843, 0.057985876]
[0.33072913, 0.07162303][0.17251353, 0.98332715, 0.057504512]
[0.4290365, 0.07080603][0.22740123, 0.97214025, 0.056850307]
[0.52376306, 0.06944442][0.28020552, 0.95830286, 0.056041103]
[0.61621094, 0.06835508][0.3305848, 0.9421667, 0.055097464]
[0.7054037, 0.06753808][0.37828997, 0.9241083, 0.054041423]
[0.7919922, 0.06644881][0.42316198, 0.9045087, 0.052895248]
[0.87467444, 0.06508708][0.46512404, 0.8837357, 0.05168045]
[0.95475256, 0.06345314][0.50417036, 0.8621313, 0.050417036]
[-0.8955078, -0.009803891][-0.50481236, 0.8632291, -0.0]
[-0.81673175, -0.009803891][-0.46574643, 0.8849183, -0.0]
[-0.7330729, -0.009803891][-0.4237552, 0.90577674, -0.0]
[-0.64518225, -0.009803891][-0.37884358, 0.92546076, -0.0]
[-0.5553385, -0.009803891][-0.3310877, 0.9436, -0.0]
[-0.46191406, -0.010076284][-0.28064656, 0.9598112, -0.0]
[-0.36621094, -0.010076284][-0.2277696, 0.97371507, -0.0]
[-0.26757812, -0.010348558][-0.17279948, 0.98495704, -0.0]
[-0.16764325, -0.010620952][-0.11616721, 0.9932297, -0.0]
[-0.06738281, -0.010893345][-0.05837979, 0.9982945, -0.0]
[0.032552123, -0.010893345][0.0, 1.0, -0.0]
[0.13313806, -0.010893345][0.05837979, 0.9982945, -0.0]
[0.23274744, -0.011710286][0.11616721, 0.9932297, -0.0]
[0.33072913, -0.01198256][0.17279948, 0.98495704, -0.0]
[0.42838538, -0.01198256][0.2277696, 0.97371507, -0.0]
[0.5234375, -0.012527227][0.28064656, 0.9598112, -0.0]
[0.61621094, -0.012527227][0.3310877, 0.9436, -0.0]
[0.7054037, -0.012527227][0.37884358, 0.92546076, -0.0]
[0.7919922, -0.013344288][0.4237552, 0.90577674, -0.0]
[0.87467444, -0.013888955][0.46574643, 0.8849183, -0.0]
[0.95410156, -0.014161229][0.50481236, 0.8632291, -0.0]
[-0.8955078, -0.08687365][-0.50417036, 0.8621313, -0.050417036]
[-0.81673175, -0.087962985][-0.46512404, 0.8837357, -0.05168045]
[-0.73339844, -0.08959699][-0.42316198, 0.9045087, -0.052895248]
[-0.64518225, -0.09041393][-0.37828997, 0.9241083, -0.054041423]
[-0.5553385, -0.09150326][-0.3305848, 0.9421667, -0.055097464]
[-0.46158856, -0.09232032][-0.28020552, 0.95830286, -0.056041103]
[-0.36621094, -0.093137264][-0.22740123, 0.97214025, -0.056850307]
[-0.26757812, -0.09368193][-0.17251353, 0.98332715, -0.057504512]
[-0.16796875, -0.0942266][-0.11597175, 0.99155843, -0.057985876]
[-0.06770831, -0.0942266][-0.05828056, 0.9965976, -0.05828056]
[0.032226562, -0.09504366][0.0, 0.9982945, -0.05837979]
[0.13248694, -0.09504366][0.05828056, 0.9965976, -0.05828056]
[0.23242188, -0.09504366][0.11597175, 0.99155843, -0.057985876]
[0.33007812, -0.09504366][0.17251353, 0.98332715, -0.057504512]
[0.42871094, -0.094771266][0.22740123, 0.97214025, -0.056850307]
[0.52311194, -0.0942266][0.28020552, 0.95830286, -0.056041103]
[0.61555994, -0.09368193][0.3305848, 0.9421667, -0.055097464]
[0.7050781, -0.09340966][0.37828997, 0.9241083, -0.054041423]
[0.7916666, -0.0925926][0.42316198, 0.9045087, -0.052895248]
[0.87467444, -0.09232032][0.46512404, 0.8837357, -0.05168045]
[0.95345056, -0.09150326][0.50417036, 0.8621313, -0.050417036]
[-0.8938802, -0.16394329][-0.50225896, 0.8588628, -0.10045179]
[-0.8154297, -0.16612208][-0.46327174, 0.8802163, -0.10294928]
[-0.7324219, -0.16830063][-0.42139712, 0.90073633, -0.10534928]
[-0.6442057, -0.17020702][-0.3766436, 0.92008644, -0.10761245]
[-0.55436194, -0.1721133][-0.32908964, 0.93790543, -0.109696545]
[-0.4609375, -0.17347503][-0.27889472, 0.95382, -0.11155789]
[-0.36588544, -0.17456424][-0.22630677, 0.9674614, -0.11315338]
[-0.26725262, -0.17592597][-0.17166415, 0.97848564, -0.114442766]
[-0.16796875, -0.17701519][-0.11539123, 0.98659503, -0.11539123]
[-0.06770831, -0.17783225][-0.057985876, 0.99155843, -0.11597175]
[0.031901002, -0.17810464][0.0, 0.9932297, -0.11616721]
[0.13151038, -0.17810464][0.057985876, 0.99155843, -0.11597175]
[0.23111975, -0.17810464][0.11539123, 0.98659503, -0.11539123]
[0.32910156, -0.17755997][0.17166415, 0.97848564, -0.114442766]
[0.42708337, -0.17647064][0.22630677, 0.9674614, -0.11315338]
[0.5214844, -0.17565358][0.27889472, 0.95382, -0.11155789]
[0.61393225, -0.17456424][0.32908964, 0.93790543, -0.109696545]
[0.70279944, -0.17293024][0.3766436, 0.92008644, -0.10761245]
[0.79003906, -0.17156863][0.42139712, 0.90073633, -0.10534928]
[0.87337244, -0.16993463][0.46327174, 0.8802163, -0.10294928]
[0.9518229, -0.16802835][0.50225896, 0.8588628, -0.10045179]
[-0.8909505, -0.2404685][-0.49912107, 0.853497, -0.14973633]
[-0.8128255, -0.24428105][-0.46023315, 0.874443, -0.15341105]
[-0.7301432, -0.24727666][-0.41850418, 0.89455265, -0.15693906]
[-0.64160156, -0.25054467][-0.3739468, 0.9134986, -0.16026291]
[-0.5517578, -0.25272334][-0.3266422, 0.9309302, -0.1633211]
[-0.45898438, -0.254902][-0.27675042, 0.9464865, -0.16605026]
[-0.3645833, -0.25680828][-0.22451724, 0.9598112, -0.16838793]
[-0.26627606, -0.25844228][-0.17027599, 0.9705732, -0.17027599]
[-0.16699219, -0.2598039][-0.114442766, 0.97848564, -0.17166415]
[-0.068033874, -0.26089334][-0.057504512, 0.98332715, -0.17251353]
[0.03125, -0.26089334][0.0, 0.98495704, -0.17279948]
[0.13053381, -0.26089334][0.057504512, 0.98332715, -0.17251353]
[0.22981775, -0.26089334][0.114442766, 0.97848564, -0.17166415]
[0.327474, -0.2598039][0.17027599, 0.9705732, -0.17027599]
[0.4248047, -0.25817][0.22451724, 0.9598112, -0.16838793]
[0.51888025, -0.25680828][0.27675042, 0.9464865, -0.16605026]
[0.6106771, -0.254902][0.3266422, 0.9309302, -0.1633211]
[0.6995443, -0.25245094][0.3739468, 0.9134986, -0.16026291]
[0.7864584, -0.25][0.41850418, 0.89455265, -0.15693906]
[0.87044275, -0.24782145][0.46023315, 0.874443, -0.15341105]
[0.9505209, -0.24537039][0.49912107, 0.853497, -0.14973633]
[-0.88671875, -0.31617653][-0.49482518, 0.8461511, -0.19793008]
[-0.80859375, -0.3216231][-0.4560778, 0.8665478, -0.20270126]
[-0.7265625, -0.32543576][-0.41455227, 0.8861055, -0.20727614]
[-0.6383463, -0.32924843][-0.37026674, 0.9045087, -0.21158099]
[-0.54850256, -0.3325163][-0.3233057, 0.92142123, -0.21553713]
[-0.4563802, -0.33496737][-0.2738298, 0.93649787, -0.21906383]
[-0.3626302, -0.33741832][-0.22208177, 0.94939953, -0.22208177]
[-0.2652995, -0.33986926][-0.16838793, 0.9598112, -0.22451724]
[-0.16699219, -0.34150326][-0.11315338, 0.9674614, -0.22630677]
[-0.068033874, -0.34232032][-0.056850307, 0.97214025, -0.22740123]
[0.030598998, -0.3425926][0.0, 0.97371507, -0.2277696]
[0.12955725, -0.3425926][0.056850307, 0.97214025, -0.22740123]
[0.22786462, -0.34232032][0.11315338, 0.9674614, -0.22630677]
[0.3251953, -0.34150326][0.16838793, 0.9598112, -0.22451724]
[0.42220056, -0.3393247][0.22208177, 0.94939953, -0.22208177]
[0.515625, -0.33714592][0.2738298, 0.93649787, -0.21906383]
[0.6070963, -0.3344227][0.3233057, 0.92142123, -0.21553713]
[0.69563806, -0.3311547][0.37026674, 0.9045087, -0.21158099]
[0.78157556, -0.3278867][0.41455227, 0.8861055, -0.20727614]
[0.8649088, -0.3248911][0.4560778, 0.8665478, -0.20270126]
[0.9453125, -0.32107842][0.49482518, 0.8461511, -0.19793008]
[-0.8811849, -0.3913399][-0.48946157, 0.83697927, -0.24473079]
[-0.80371094, -0.3976035][-0.45089704, 0.85670435, -0.25049835]
[-0.7213541, -0.4025054][-0.40963206, 0.87558854, -0.25602004]
[-0.63378906, -0.40713513][-0.36569107, 0.89333105, -0.2612079]
[-0.5449219, -0.41094768][-0.3191625, 0.9096131, -0.26596874]
[-0.4534505, -0.41448808][-0.2702071, 0.9241083, -0.2702071]
[-0.36002606, -0.41693902][-0.21906383, 0.93649787, -0.2738298]
[-0.26334637, -0.41939008][-0.16605026, 0.9464865, -0.27675042]
[-0.16569012, -0.42129624][-0.11155789, 0.95382, -0.27889472]
[-0.06770831, -0.42265797][-0.056041103, 0.95830286, -0.28020552]
[0.030273438, -0.42293024][0.0, 0.9598112, -0.28064656]
[0.12825525, -0.42320263][0.056041103, 0.95830286, -0.28020552]
[0.22623694, -0.4223857][0.11155789, 0.95382, -0.27889472]
[0.3225912, -0.42129624][0.16605026, 0.9464865, -0.27675042]
[0.41927087, -0.4188453][0.21906383, 0.93649787, -0.2738298]
[0.5120443, -0.41612208][0.2702071, 0.9241083, -0.2702071]
[0.60253906, -0.41258168][0.3191625, 0.9096131, -0.26596874]
[0.69075525, -0.40876913][0.36569107, 0.89333105, -0.2612079]
[0.7763672, -0.4046842][0.40963206, 0.87558854, -0.25602004]
[0.858724, -0.40059912][0.45089704, 0.85670435, -0.25049835]
[0.93847656, -0.39569724][0.48946157, 0.83697927, -0.24473079]
[-0.87597656, -0.46486926][-0.48313686, 0.82616407, -0.28988212]
[-0.79785156, -0.47167766][-0.44479847, 0.8451171, -0.29653233]
[-0.71549475, -0.47766888][-0.40384987, 0.8632291, -0.3028874]
[-0.62890625, -0.48284316][-0.36032248, 0.8802163, -0.3088478]
[-0.54069006, -0.48747277][-0.31430846, 0.8957792, -0.31430846]
[-0.44954425, -0.49101305][-0.26596874, 0.9096131, -0.3191625]
[-0.3567708, -0.49428105][-0.21553713, 0.92142123, -0.3233057]
[-0.2607422, -0.4970044][-0.1633211, 0.9309302, -0.3266422]
[-0.1640625, -0.49918306][-0.109696545, 0.93790543, -0.32908964]
[-0.06705731, -0.5002724][-0.055097464, 0.9421667, -0.3305848]
[0.029622436, -0.50081706][0.0, 0.9436, -0.3310877]
[0.12662756, -0.50108933][0.055097464, 0.9421667, -0.3305848]
[0.22330725, -0.50054467][0.109696545, 0.93790543, -0.32908964]
[0.31901038, -0.49918306][0.1633211, 0.9309302, -0.3266422]
[0.41503906, -0.49645972][0.21553713, 0.92142123, -0.3233057]
[0.50683594, -0.49291945][0.26596874, 0.9096131, -0.3191625]
[0.5973307, -0.4885621][0.31430846, 0.8957792, -0.31430846]
[0.6845703, -0.48420477][0.36032248, 0.8802163, -0.3088478]
[0.76953125, -0.47957516][0.40384987, 0.8632291, -0.3028874]
[0.85188806, -0.47440088][0.44479847, 0.8451171, -0.29653233]
[0.9309896, -0.46868193][0.48313686, 0.82616407, -0.28988212]
[-0.867513, -0.5345861][-0.47596928, 0.81390744, -0.3331785]
[-0.79036456, -0.5422113][-0.43790048, 0.8320109, -0.34058926]
[-0.7096354, -0.5490196][-0.39732212, 0.84927607, -0.34765685]
[-0.6230469, -0.5550109][-0.3542726, 0.8654374, -0.3542726]
[-0.53580725, -0.5604576][-0.3088478, 0.8802163, -0.36032248]
[-0.445638, -0.56427014][-0.2612079, 0.89333105, -0.36569107]
[-0.35351562, -0.56726587][-0.21158099, 0.9045087, -0.37026674]
[-0.25846356, -0.5705339][-0.16026291, 0.9134986, -0.3739468]
[-0.16276044, -0.5729848][-0.10761245, 0.92008644, -0.3766436]
[-0.06705731, -0.57407403][-0.054041423, 0.9241083, -0.37828997]
[0.028971314, -0.5746188][0.0, 0.92546076, -0.37884358]
[0.125, -0.5748911][0.054041423, 0.9241083, -0.37828997]
[0.22102869, -0.5743464][0.10761245, 0.92008644, -0.3766436]
[0.31575525, -0.5732571][0.16026291, 0.9134986, -0.3739468]
[0.4104818, -0.5699891][0.21158099, 0.9045087, -0.37026674]
[0.50162756, -0.56590414][0.2612079, 0.89333105, -0.36569107]
[0.5911459, -0.56100214][0.3088478, 0.8802163, -0.36032248]
[0.6777344, -0.55610025][0.3542726, 0.8654374, -0.3542726]
[0.76236975, -0.5506536][0.39732212, 0.84927607, -0.34765685]
[0.84375, -0.5443901][0.43790048, 0.8320109, -0.34058926]
[0.922526, -0.53812635][0.47596928, 0.81390744, -0.3331785]
[-0.86035156, -0.60294116][-0.46808252, 0.8004211, -0.37446603]
[-0.7832031, -0.6116557][-0.43032655, 0.81762046, -0.3825125]
[-0.70279944, -0.61955345][-0.39016965, 0.8339876, -0.39016965]
[-0.6171875, -0.62608933][-0.34765685, 0.84927607, -0.39732212]
[-0.53027344, -0.631536][-0.3028874, 0.8632291, -0.40384987]
[-0.4404297, -0.63562095][-0.25602004, 0.87558854, -0.40963206]
[-0.34928387, -0.63861656][-0.20727614, 0.8861055, -0.41455227]
[-0.25553387, -0.64215684][-0.15693906, 0.89455265, -0.41850418]
[-0.16113281, -0.6448802][-0.10534928, 0.90073633, -0.42139712]
[-0.06640625, -0.6459695][-0.052895248, 0.9045087, -0.42316198]
[0.028320312, -0.64705884][0.0, 0.90577674, -0.4237552]
[0.12369788, -0.64733124][0.052895248, 0.9045087, -0.42316198]
[0.218099, -0.64705884][0.10534928, 0.90073633, -0.42139712]
[0.311849, -0.64542484][0.15693906, 0.89455265, -0.41850418]
[0.40527344, -0.64188457][0.20727614, 0.8861055, -0.41455227]
[0.4957682, -0.63725495][0.25602004, 0.87558854, -0.40963206]
[0.58430994, -0.6318083][0.3028874, 0.8632291, -0.40384987]
[0.67024744, -0.62608933][0.34765685, 0.84927607, -0.39732212]
[0.75390625, -0.6200981][0.39016965, 0.8339876, -0.39016965]
[0.83496094, -0.6135621][0.43032655, 0.81762046, -0.3825125]
[0.91308594, -0.6067538][0.46808252, 0.8004211, -0.37446603]
[-0.85058594, -0.66993463][-0.45960134, 0.7859183, -0.4136412]
[-0.77473956, -0.67973864][-0.42220032, 0.80218065, -0.42220032]
[-0.69498694, -0.6881808][-0.3825125, 0.81762046, -0.43032655]
[-0.61100256, -0.69553375][-0.34058926, 0.8320109, -0.43790048]
[-0.5240885, -0.7012527][-0.29653233, 0.8451171, -0.44479847]
[-0.43522137, -0.70533764][-0.25049835, 0.85670435, -0.45089704]
[-0.34505206, -0.70860565][-0.20270126, 0.8665478, -0.4560778]
[-0.25227863, -0.71187365][-0.15341105, 0.874443, -0.46023315]
[-0.15917969, -0.714597][-0.10294928, 0.8802163, -0.46327174]
[-0.06542969, -0.71650326][-0.05168045, 0.8837357, -0.46512404]
[0.02766931, -0.7173203][0.0, 0.8849183, -0.46574643]
[0.12207031, -0.7175926][0.05168045, 0.8837357, -0.46512404]
[0.21549475, -0.7173203][0.10294928, 0.8802163, -0.46327174]
[0.3076172, -0.7159586][0.15341105, 0.874443, -0.46023315]
[0.4007162, -0.71214604][0.20270126, 0.8665478, -0.4560778]
[0.48958337, -0.70697165][0.25049835, 0.85670435, -0.45089704]
[0.57714844, -0.7012527][0.29653233, 0.8451171, -0.44479847]
[0.66243494, -0.6944444][0.34058926, 0.8320109, -0.43790048]
[0.7451172, -0.6881808][0.3825125, 0.81762046, -0.43032655]
[0.8258463, -0.6813725][0.42220032, 0.80218065, -0.42220032]
[0.90299475, -0.6737474][0.45960134, 0.7859183, -0.4136412]
[-0.8408203, -0.7342049][-0.4506471, 0.7706065, -0.4506471]
[-0.76660156, -0.74591506][-0.4136412, 0.7859183, -0.45960134]
[-0.6875, -0.75462973][-0.37446603, 0.8004211, -0.46808252]
[-0.6035156, -0.76225495][-0.3331785, 0.81390744, -0.47596928]
[-0.5175781, -0.7679739][-0.28988212, 0.82616407, -0.48313686]
[-0.429362, -0.7717866][-0.24473079, 0.83697927, -0.48946157]
[-0.34016925, -0.77532685][-0.19793008, 0.8461511, -0.49482518]
[-0.24869794, -0.7783226][-0.14973633, 0.853497, -0.49912107]
[-0.15690106, -0.78131807][-0.10045179, 0.8588628, -0.50225896]
[-0.064453125, -0.7829521][-0.050417036, 0.8621313, -0.50417036]
[0.02734375, -0.7840415][0.0, 0.8632291, -0.50481236]
[0.12011719, -0.78513074][0.050417036, 0.8621313, -0.50417036]
[0.21223962, -0.78513074][0.10045179, 0.8588628, -0.50225896]
[0.30371094, -0.783769][0.14973633, 0.853497, -0.49912107]
[0.3948568, -0.77859485][0.19793008, 0.8461511, -0.49482518]
[0.48242188, -0.7728758][0.24473079, 0.83697927, -0.48946157]
[0.56868494, -0.7666122][0.28988212, 0.82616407, -0.48313686]
[0.6536459, -0.7603487][0.3331785, 0.81390744, -0.47596928]
[0.7363281, -0.75408494][0.37446603, 0.8004211, -0.46808252]
[0.8167318, -0.74754906][0.4136412, 0.7859183, -0.45960134]
[0.8935547, -0.73937905][0.4506471, 0.7706065, -0.4506471]
