[sample][target][computed][delta][delta.length]
[211, 344][-95.0, 171.0, 100.0][-94.95082, 171.0, 100.0][0.049179077, 0.0, 0.0][0.049179077]
[291, 335][-85.0, 171.0, 100.0][-85.04518, 171.0, 99.90277][-0.045181274, 0.0, -0.097229004][0.10721393]
[375, 325][-75.0, 171.0, 100.0][-74.95823, 171.0, 100.0][0.041770935, 0.0, 0.0][0.041770935]
[461, 317][-65.0, 171.0, 100.0][-65.00611, 171.0, 100.0][-0.006111145, 0.0, 0.0][0.006111145]
[548, 310][-55.0, 171.0, 100.0][-55.010963, 171.0, 100.0][-0.01096344, 0.0, 0.0][0.01096344]
[637, 304][-45.0, 171.0, 100.0][-45.058968, 171.0, 100.0][-0.05896759, 0.0, 0.0][0.05896759]
[730, 299][-35.0, 171.0, 100.0][-34.978382, 171.0, 99.90057][0.02161789, 0.0, -0.09942627][0.10174928]
[824, 294][-25.0, 171.0, 100.0][-25.027058, 171.0, 99.89955][-0.027057648, 0.0, -0.10044861][0.10402903]
[918, 292][-15.0, 171.0, 100.0][-15.076708, 171.0, 99.89545][-0.07670784, 0.0, -0.10455322][0.12967448]
[1013, 292][-5.0, 171.0, 100.0][-4.9968185, 171.0, 99.99999][0.0031814575, 0.0, -7.6293945E-6][0.0031814666]
[1107, 293][5.0, 171.0, 100.0][4.9968185, 171.0, 99.99999][-0.0031814575, 0.0, -7.6293945E-6][0.0031814666]
[1201, 295][15.0, 171.0, 100.0][14.9904995, 171.0, 99.89543][-0.009500504, 0.0, -0.10456848][0.10499917]
[1294, 298][25.0, 171.0, 100.0][24.940857, 171.0, 100.0][-0.059143066, 0.0, 0.0][0.059143066]
[1387, 304][35.0, 171.0, 100.0][34.935642, 171.0, 99.8996][-0.06435776, 0.0, -0.10040283][0.119258754]
[1478, 310][45.0, 171.0, 100.0][44.929276, 171.0, 99.99999][-0.07072449, 0.0, -7.6293945E-6][0.07072449]
[1567, 317][55.0, 171.0, 100.0][54.87978, 171.0, 100.0][-0.120220184, 0.0, 0.0][0.120220184]
[1654, 324][65.0, 171.0, 100.0][64.87337, 171.0, 100.0][-0.12663269, 0.0, 0.0][0.12663269]
[1739, 333][75.0, 171.0, 100.0][74.86732, 171.0, 99.90362][-0.1326828, 0.0, -0.09638214][0.16399464]
[1821, 343][85.0, 171.0, 100.0][84.95429, 171.0, 99.99999][-0.045707703, 0.0, -7.6293945E-6][0.045707703]
[1900, 354][95.0, 171.0, 100.0][94.9508, 171.0, 99.902855][-0.049201965, 0.0, -0.09714508][0.108894445]
[199, 422][-95.0, 171.0, 90.0][-94.99467, 171.0, 90.0][0.005332947, 0.0, 0.0][0.005332947]
[280, 413][-85.0, 171.0, 90.0][-85.04326, 171.0, 89.99999][-0.043258667, 0.0, -7.6293945E-6][0.043258667]
[365, 404][-75.0, 171.0, 90.0][-74.95638, 171.0, 90.0][0.04361725, 0.0, 0.0][0.04361725]
[452, 397][-65.0, 171.0, 90.0][-64.96092, 171.0, 90.0][0.03907776, 0.0, 0.0][0.03907776]
[541, 391][-55.0, 171.0, 90.0][-54.965958, 171.0, 90.0][0.03404236, 0.0, 0.0][0.03404236]
[631, 385][-45.0, 171.0, 90.0][-45.014175, 171.0, 89.99999][-0.014175415, 0.0, -7.6293945E-6][0.014175417]
[724, 379][-35.0, 171.0, 90.0][-35.060665, 171.0, 90.0][-0.06066513, 0.0, 0.0][0.06066513]
[820, 375][-25.0, 171.0, 90.0][-25.068298, 171.0, 90.0][-0.06829834, 0.0, 0.0][0.06829834]
[916, 373][-15.0, 171.0, 90.0][-15.074771, 171.0, 89.99999][-0.07477093, 0.0, -7.6293945E-6][0.07477093]
[1012, 373][-5.0, 171.0, 90.0][-4.996655, 171.0, 89.89767][0.0033450127, 0.0, -0.10233307][0.10238773]
[1107, 373][5.0, 171.0, 90.0][4.910451, 171.0, 89.99999][-0.089549065, 0.0, -7.6293945E-6][0.089549065]
[1203, 375][15.0, 171.0, 90.0][14.947286, 171.0, 89.90066][-0.052714348, 0.0, -0.099342346][0.112462014]
[1298, 378][25.0, 171.0, 90.0][24.983541, 171.0, 89.903496][-0.016458511, 0.0, -0.09650421][0.09789763]
[1392, 383][35.0, 171.0, 90.0][34.934593, 171.0, 90.0][-0.0654068, 0.0, 0.0][0.0654068]
[1484, 390][45.0, 171.0, 90.0][44.92795, 171.0, 89.906235][-0.07204819, 0.0, -0.09376526][0.11824916]
[1574, 397][55.0, 171.0, 90.0][54.879765, 171.0, 90.0][-0.12023544, 0.0, 0.0][0.12023544]
[1662, 404][65.0, 171.0, 90.0][64.87166, 171.0, 90.0][-0.12834167, 0.0, 0.0][0.12834167]
[1748, 412][75.0, 171.0, 90.0][74.9564, 171.0, 90.09234][-0.04360199, 0.0, 0.09233856][0.10211535]
[1830, 422][85.0, 171.0, 90.0][84.85978, 171.0, 90.00001][-0.14022064, 0.0, 7.6293945E-6][0.14022064]
[1910, 432][95.0, 171.0, 90.0][94.901184, 171.0, 89.99999][-0.09881592, 0.0, -7.6293945E-6][0.09881592]
[188, 504][-95.0, 171.0, 80.0][-95.08973, 171.0, 80.0][-0.08972931, 0.0, 0.0][0.08972931]
[271, 496][-85.0, 171.0, 80.0][-84.95043, 171.0, 79.90747][0.049568176, 0.0, -0.0925293][0.104969874]
[356, 488][-75.0, 171.0, 80.0][-75.042305, 171.0, 80.0][-0.042304993, 0.0, 0.0][0.042304993]
[444, 481][-65.0, 171.0, 80.0][-65.04698, 171.0, 80.0][-0.04698181, 0.0, 0.0][0.04698181]
[534, 475][-55.0, 171.0, 80.0][-54.96446, 171.0, 79.99999][0.035541534, 0.0, -7.6293945E-6][0.035541534]
[625, 469][-45.0, 171.0, 80.0][-45.0549, 171.0, 80.0][-0.054901123, 0.0, 0.0][0.054901123]
[720, 465][-35.0, 171.0, 80.0][-35.017593, 171.0, 79.90635][-0.017593384, 0.0, -0.09365082][0.09528905]
[817, 461][-25.0, 171.0, 80.0][-24.98277, 171.0, 79.90633][0.01722908, 0.0, -0.093673706][0.095244974]
[914, 458][-15.0, 171.0, 80.0][-14.989552, 171.0, 80.0][0.010448456, 0.0, 0.0][0.010448456]
[1011, 457][-5.0, 171.0, 80.0][-5.039233, 171.0, 80.00001][-0.039233208, 0.0, 7.6293945E-6][0.039233208]
[1108, 458][5.0, 171.0, 80.0][4.953761, 171.0, 79.903625][-0.0462389, 0.0, -0.09637451][0.106892854]
[1205, 460][15.0, 171.0, 80.0][14.946814, 171.0, 79.9063][-0.053186417, 0.0, -0.093696594][0.10773972]
[1301, 463][25.0, 171.0, 80.0][24.940042, 171.0, 79.99999][-0.059957504, 0.0, -7.6293945E-6][0.059957504]
[1396, 468][35.0, 171.0, 80.0][34.97628, 171.0, 80.0][-0.023719788, 0.0, 0.0][0.023719788]
[1489, 474][45.0, 171.0, 80.0][44.883953, 171.0, 80.0][-0.116046906, 0.0, 0.0][0.116046906]
[1581, 481][55.0, 171.0, 80.0][54.96445, 171.0, 79.907295][-0.035549164, 0.0, -0.09270477][0.09928705]
[1670, 488][65.0, 171.0, 80.0][64.95925, 171.0, 79.90819][-0.040748596, 0.0, -0.091812134][0.10044857]
[1756, 496][75.0, 171.0, 80.0][74.954575, 171.0, 79.90825][-0.045425415, 0.0, -0.0917511][0.10238033]
[1839, 504][85.0, 171.0, 80.0][84.857895, 171.0, 80.00001][-0.1421051, 0.0, 7.6293945E-6][0.1421051]
[1919, 513][95.0, 171.0, 80.0][94.804054, 171.0, 80.00001][-0.19594574, 0.0, 7.6293945E-6][0.19594574]
[181, 589][-95.0, 171.0, 70.0][-94.945, 171.0, 70.0][0.055000305, 0.0, 0.0][0.055000305]
[263, 580][-85.0, 171.0, 70.0][-84.90279, 171.0, 70.0][0.097213745, 0.0, 0.0][0.097213745]
[349, 574][-75.0, 171.0, 70.0][-74.909386, 171.0, 69.91082][0.09061432, 0.0, -0.08917999][0.12713782]
[437, 567][-65.0, 171.0, 70.0][-65.045395, 171.0, 70.0][-0.045394897, 0.0, 0.0][0.045394897]
[527, 561][-55.0, 171.0, 70.0][-55.04925, 171.0, 70.08996][-0.049251556, 0.0, 0.08995819][0.10255823]
[620, 557][-45.0, 171.0, 70.0][-45.05366, 171.0, 70.0][-0.053661346, 0.0, 0.0][0.053661346]
[716, 552][-35.0, 171.0, 70.0][-35.05725, 171.0, 70.0][-0.057250977, 0.0, 0.0][0.057250977]
[814, 549][-25.0, 171.0, 70.0][-25.02336, 171.0, 70.0][-0.023359299, 0.0, 0.0][0.023359299]
[912, 547][-15.0, 171.0, 70.0][-15.072432, 171.0, 70.0][-0.072431564, 0.0, 0.0][0.072431564]
[1010, 546][-5.0, 171.0, 70.0][-5.081091, 171.0, 70.0][-0.08109093, 0.0, 0.0][0.08109093]
[1108, 546][5.0, 171.0, 70.0][4.9115987, 171.0, 70.0][-0.08840132, 0.0, 0.0][0.08840132]
[1206, 548][15.0, 171.0, 70.0][14.904354, 171.0, 70.00001][-0.095645905, 0.0, 7.6293945E-6][0.095645905]
[1303, 551][25.0, 171.0, 70.0][24.897295, 171.0, 70.0][-0.102705, 0.0, 0.0][0.102705]
[1400, 556][35.0, 171.0, 70.0][34.97527, 171.0, 69.91218][-0.024730682, 0.0, -0.08782196][0.09123762]
[1494, 561][45.0, 171.0, 70.0][44.92618, 171.0, 70.0][-0.07381821, 0.0, 0.0][0.07381821]
[1587, 567][55.0, 171.0, 70.0][54.963024, 171.0, 70.0][-0.03697586, 0.0, 0.0][0.03697586]
[1677, 574][65.0, 171.0, 70.0][64.95766, 171.0, 69.91077][-0.04234314, 0.0, -0.0892334][0.09877014]
[1763, 581][75.0, 171.0, 70.0][74.86199, 171.0, 70.0][-0.13800812, 0.0, 0.0][0.13800812]
[1847, 589][85.0, 171.0, 70.0][84.85609, 171.0, 70.0][-0.14391327, 0.0, 0.0][0.14391327]
[1928, 597][95.0, 171.0, 70.0][94.8974, 171.0, 70.0][-0.1026001, 0.0, 0.0][0.1026001]
[173, 677][-95.0, 171.0, 60.0][-95.03946, 171.0, 59.999996][-0.03945923, 0.0, -3.8146973E-6][0.03945923]
[255, 669][-85.0, 171.0, 60.0][-85.03959, 171.0, 60.000008][-0.03958893, 0.0, 7.6293945E-6][0.03958893]
[341, 663][-75.0, 171.0, 60.0][-75.03901, 171.0, 59.999996][-0.039009094, 0.0, -3.8146973E-6][0.039009094]
[431, 657][-65.0, 171.0, 60.0][-64.99967, 171.0, 59.999996][3.2806396E-4, 0.0, -3.8146973E-6][3.2808614E-4]
[522, 652][-55.0, 171.0, 60.0][-55.004425, 171.0, 60.0][-0.004425049, 0.0, 0.0][0.004425049]
[615, 648][-45.0, 171.0, 60.0][-45.051094, 171.0, 60.0][-0.051094055, 0.0, 0.0][0.051094055]
[712, 644][-35.0, 171.0, 60.0][-35.014984, 171.0, 60.0][-0.014984131, 0.0, 0.0][0.014984131]
[811, 641][-25.0, 171.0, 60.0][-25.06331, 171.0, 60.000008][-0.06331062, 0.0, 7.6293945E-6][0.06331062]
[910, 639][-15.0, 171.0, 60.0][-15.02999, 171.0, 60.000004][-0.029990196, 0.0, 3.8146973E-6][0.029990196]
[1009, 639][-5.0, 171.0, 60.0][-5.079532, 171.0, 59.909195][-0.07953215, 0.0, -0.09080505][0.12071007]
[1109, 639][5.0, 171.0, 60.0][4.9961996, 171.0, 59.999996][-0.0038003922, 0.0, -3.8146973E-6][0.003800394]
[1208, 641][15.0, 171.0, 60.0][14.9886675, 171.0, 59.999996][-0.011332512, 0.0, -3.8146973E-6][0.011332513]
[1306, 644][25.0, 171.0, 60.0][24.981335, 171.0, 59.912357][-0.018665314, 0.0, -0.08764267][0.08960821]
[1403, 648][35.0, 171.0, 60.0][34.891003, 171.0, 59.912376][-0.108997345, 0.0, -0.087623596][0.13985105]
[1499, 652][45.0, 171.0, 60.0][45.010494, 171.0, 60.000004][0.010494232, 0.0, 3.8146973E-6][0.010494233]
[1592, 657][55.0, 171.0, 60.0][54.961685, 171.0, 59.999996][-0.03831482, 0.0, -3.8146973E-6][0.03831482]
[1682, 663][65.0, 171.0, 60.0][64.86849, 171.0, 59.999996][-0.13150787, 0.0, -3.8146973E-6][0.13150787]
[1770, 669][75.0, 171.0, 60.0][74.8604, 171.0, 60.0][-0.13960266, 0.0, 0.0][0.13960266]
[1855, 677][85.0, 171.0, 60.0][84.94699, 171.0, 60.0][-0.053009033, 0.0, 0.0][0.053009033]
[1937, 685][95.0, 171.0, 60.0][94.94329, 171.0, 59.911118][-0.05670929, 0.0, -0.08888245][0.1054326]
[166, 767][-95.0, 171.0, 50.0][-94.98939, 171.0, 49.91284][0.010612488, 0.0, -0.0871582][0.08780192]
[249, 760][-85.0, 171.0, 50.0][-84.94549, 171.0, 49.999996][0.054512024, 0.0, -3.8146973E-6][0.054512024]
[335, 754][-75.0, 171.0, 50.0][-75.03757, 171.0, 50.0][-0.03756714, 0.0, 0.0][0.03756714]
[425, 749][-65.0, 171.0, 50.0][-64.91137, 171.0, 49.999996][0.088630676, 0.0, -3.8146973E-6][0.088630676]
[516, 745][-55.0, 171.0, 50.0][-55.04668, 171.0, 49.91415][-0.04668045, 0.0, -0.08584976][0.09772024]
[611, 741][-45.0, 171.0, 50.0][-44.966694, 171.0, 49.914112][0.03330612, 0.0, -0.08588791][0.09211966]
[708, 738][-35.0, 171.0, 50.0][-35.014126, 171.0, 49.999996][-0.014125824, 0.0, -3.8146973E-6][0.014125825]
[808, 736][-25.0, 171.0, 50.0][-25.021349, 171.0, 49.913326][-0.021348953, 0.0, -0.08667374][0.089264296]
[908, 734][-15.0, 171.0, 50.0][-15.070247, 171.0, 50.0][-0.0702467, 0.0, 0.0][0.0702467]
[1009, 733][-5.0, 171.0, 50.0][-5.037391, 171.0, 50.000008][-0.037391186, 0.0, 7.6293945E-6][0.037391186]
[1109, 734][5.0, 171.0, 50.0][4.9547453, 171.0, 49.914043][-0.045254707, 0.0, -0.08595657][0.09714176]
[1209, 735][15.0, 171.0, 50.0][14.946957, 171.0, 50.000004][-0.053043365, 0.0, 3.8146973E-6][0.053043365]
[1308, 737][25.0, 171.0, 50.0][24.98071, 171.0, 50.08479][-0.019290924, 0.0, 0.084789276][0.086956084]
[1406, 741][35.0, 171.0, 50.0][34.93216, 171.0, 50.0][-0.067840576, 0.0, 0.0][0.067840576]
[1502, 745][45.0, 171.0, 50.0][44.88197, 171.0, 49.999996][-0.11803055, 0.0, -3.8146973E-6][0.11803055]
[1596, 750][55.0, 171.0, 50.0][54.87427, 171.0, 49.914143][-0.1257286, 0.0, -0.08585739][0.15224709]
[1688, 755][65.0, 171.0, 50.0][64.95484, 171.0, 49.999996][-0.045158386, 0.0, -3.8146973E-6][0.045158386]
[1776, 761][75.0, 171.0, 50.0][74.858955, 171.0, 49.91349][-0.14104462, 0.0, -0.086509705][0.16546153]
[1862, 767][85.0, 171.0, 50.0][84.94549, 171.0, 49.913536][-0.054512024, 0.0, -0.08646393][0.10221336]
[1944, 773][95.0, 171.0, 50.0][94.89324, 171.0, 50.000004][-0.10675812, 0.0, 3.8146973E-6][0.10675812]
[159, 858][-95.0, 171.0, 40.0][-95.03661, 171.0, 40.000004][-0.036613464, 0.0, 3.8146973E-6][0.036613464]
[242, 852][-85.0, 171.0, 40.0][-85.036804, 171.0, 40.0][-0.0368042, 0.0, 0.0][0.0368042]
[329, 848][-75.0, 171.0, 40.0][-74.94861, 171.0, 39.914436][0.0513916, 0.0, -0.08556366][0.099811]
[419, 844][-65.0, 171.0, 40.0][-64.99717, 171.0, 39.914406][0.0028305054, 0.0, -0.08559418][0.08564097]
[512, 840][-55.0, 171.0, 40.0][-54.959427, 171.0, 40.0][0.04057312, 0.0, 0.0][0.04057312]
[607, 837][-45.0, 171.0, 40.0][-45.050545, 171.0, 40.0][-0.05054474, 0.0, 0.0][0.05054474]
[705, 835][-35.0, 171.0, 40.0][-35.0547, 171.0, 39.916447][-0.054698944, 0.0, -0.083553314][0.09986556]
[805, 833][-25.0, 171.0, 40.0][-25.102112, 171.0, 39.915733][-0.10211182, 0.0, -0.08426666][0.1323922]
[906, 831][-15.0, 171.0, 40.0][-15.06991, 171.0, 40.000004][-0.06991005, 0.0, 3.8146973E-6][0.06991005]
[1008, 831][-5.0, 171.0, 40.0][-5.0372763, 171.0, 39.999996][-0.037276268, 0.0, -3.8146973E-6][0.037276268]
[1109, 831][5.0, 171.0, 40.0][4.9546313, 171.0, 40.0][-0.04536867, 0.0, 0.0][0.04536867]
[1210, 833][15.0, 171.0, 40.0][14.946618, 171.0, 40.0][-0.05338192, 0.0, 0.0][0.05338192]
[1309, 835][25.0, 171.0, 40.0][24.896828, 171.0, 40.0][-0.1031723, 0.0, 0.0][0.1031723]
[1408, 837][35.0, 171.0, 40.0][34.848785, 171.0, 40.0][-0.1512146, 0.0, 0.0][0.1512146]
[1506, 841][45.0, 171.0, 40.0][44.923058, 171.0, 39.91647][-0.076942444, 0.0, -0.083530426][0.11356704]
[1600, 845][55.0, 171.0, 40.0][54.829018, 171.0, 39.916492][-0.17098236, 0.0, -0.08350754][0.19028525]
[1692, 849][65.0, 171.0, 40.0][64.864426, 171.0, 40.0][-0.13557434, 0.0, 0.0][0.13557434]
[1781, 854][75.0, 171.0, 40.0][74.81104, 171.0, 39.999996][-0.18895721, 0.0, -3.8146973E-6][0.18895721]
[1867, 859][85.0, 171.0, 40.0][84.8499, 171.0, 40.000004][-0.15010071, 0.0, 3.8146973E-6][0.15010071]
[1949, 865][95.0, 171.0, 40.0][94.84244, 171.0, 39.913036][-0.15756226, 0.0, -0.08696365][0.17996816]
[154, 951][-95.0, 171.0, 30.0][-94.939384, 171.0, 29.913984][0.06061554, 0.0, -0.0860157][0.10522806]
[237, 947][-85.0, 171.0, 30.0][-84.99078, 171.0, 29.914686][0.009216309, 0.0, -0.0853138][0.08581016]
[324, 943][-75.0, 171.0, 30.0][-74.99266, 171.0, 30.000004][0.0073394775, 0.0, 3.8146973E-6][0.0073394785]
[415, 940][-65.0, 171.0, 30.0][-64.95274, 171.0, 30.000002][0.04725647, 0.0, 1.9073486E-6][0.04725647]
[508, 937][-55.0, 171.0, 30.0][-55.044785, 171.0, 30.000002][-0.044784546, 0.0, 1.9073486E-6][0.044784546]
[604, 935][-45.0, 171.0, 30.0][-45.049797, 171.0, 30.0][-0.049797058, 0.0, 0.0][0.049797058]
[703, 933][-35.0, 171.0, 30.0][-34.972122, 171.0, 30.000002][0.027877808, 0.0, 1.9073486E-6][0.027877808]
[804, 931][-25.0, 171.0, 30.0][-25.020357, 171.0, 30.082407][-0.020357132, 0.0, 0.082407][0.08488419]
[906, 931][-15.0, 171.0, 30.0][-15.028312, 171.0, 30.0][-0.02831173, 0.0, 0.0][0.02831173]
[1007, 931][-5.0, 171.0, 30.0][-5.0778275, 171.0, 29.91667][-0.07782745, 0.0, -0.083330154][0.11402205]
[1109, 931][5.0, 171.0, 30.0][4.9138937, 171.0, 29.999998][-0.0861063, 0.0, -1.9073486E-6][0.0861063]
[1210, 933][15.0, 171.0, 30.0][14.946339, 171.0, 29.916676][-0.053661346, 0.0, -0.08332443][0.09910853]
[1311, 934][25.0, 171.0, 30.0][24.93838, 171.0, 29.999998][-0.061620712, 0.0, -1.9073486E-6][0.061620712]
[1411, 936][35.0, 171.0, 30.0][35.013443, 171.0, 29.999998][0.013442993, 0.0, -1.9073486E-6][0.013442993]
[1509, 939][45.0, 171.0, 30.0][44.922318, 171.0, 29.916712][-0.077682495, 0.0, -0.08328819][0.11389246]
[1604, 942][55.0, 171.0, 30.0][54.915092, 171.0, 29.91673][-0.08490753, 0.0, -0.08326912][0.11892449]
[1696, 945][65.0, 171.0, 30.0][64.90771, 171.0, 30.000002][-0.092292786, 0.0, 1.9073486E-6][0.092292786]
[1786, 949][75.0, 171.0, 30.0][74.94759, 171.0, 29.914658][-0.05240631, 0.0, -0.08534241][0.10014863]
[1872, 953][85.0, 171.0, 30.0][84.94315, 171.0, 29.913958][-0.05684662, 0.0, -0.086042404][0.103125334]
[1954, 957][95.0, 171.0, 30.0][94.88891, 171.0, 30.000002][-0.111091614, 0.0, 1.9073486E-6][0.111091614]
[150, 1045][-95.0, 171.0, 20.0][-94.99016, 171.0, 20.0][0.009841919, 0.0, 0.0][0.009841919]
[233, 1042][-85.0, 171.0, 20.0][-84.94239, 171.0, 20.000002][0.057609558, 0.0, 1.9073486E-6][0.057609558]
[321, 1040][-75.0, 171.0, 20.0][-74.94686, 171.0, 19.914896][0.053138733, 0.0, -0.08510399][0.10033152]
[412, 1038][-65.0, 171.0, 20.0][-64.95205, 171.0, 19.91488][0.047950745, 0.0, -0.08511925][0.09769627]
[505, 1036][-55.0, 171.0, 20.0][-55.044147, 171.0, 20.0][-0.04414749, 0.0, 0.0][0.04414749]
[602, 1034][-45.0, 171.0, 20.0][-44.9645, 171.0, 20.08269][0.035499573, 0.0, 0.082689285][0.089987434]
[701, 1033][-35.0, 171.0, 20.0][-35.053646, 171.0, 20.0][-0.053646088, 0.0, 0.0][0.053646088]
[802, 1033][-25.0, 171.0, 20.0][-25.061337, 171.0, 19.917627][-0.061336517, 0.0, -0.082372665][0.10270065]
[904, 1032][-15.0, 171.0, 20.0][-15.109413, 171.0, 20.000002][-0.10941315, 0.0, 1.9073486E-6][0.10941315]
[1007, 1032][-5.0, 171.0, 20.0][-4.99579, 171.0, 20.0][0.0042099953, 0.0, 0.0][0.0042099953]
[1109, 1032][5.0, 171.0, 20.0][4.99579, 171.0, 20.0][-0.0042099953, 0.0, 0.0][0.0042099953]
[1211, 1033][15.0, 171.0, 20.0][14.987454, 171.0, 20.0][-0.012545586, 0.0, 0.0][0.012545586]
[1312, 1034][25.0, 171.0, 20.0][24.979364, 171.0, 19.999998][-0.020635605, 0.0, -1.9073486E-6][0.020635605]
[1412, 1036][35.0, 171.0, 20.0][34.930355, 171.0, 19.917637][-0.06964493, 0.0, -0.08236313][0.10786149]
[1510, 1038][45.0, 171.0, 20.0][44.878304, 171.0, 19.917645][-0.12169647, 0.0, -0.0823555][0.14694373]
[1606, 1040][55.0, 171.0, 20.0][54.914463, 171.0, 20.0][-0.08553696, 0.0, 0.0][0.08553696]
[1698, 1042][65.0, 171.0, 20.0][64.816956, 171.0, 20.0][-0.18304443, 0.0, 0.0][0.18304443]
[1788, 1045][75.0, 171.0, 20.0][74.8543, 171.0, 20.0][-0.14569855, 0.0, 0.0][0.14569855]
[1874, 1048][85.0, 171.0, 20.0][84.84627, 171.0, 20.0][-0.1537323, 0.0, 0.0][0.1537323]
[1957, 1051][95.0, 171.0, 20.0][94.838646, 171.0, 19.999998][-0.16135406, 0.0, -1.9073486E-6][0.16135406]
[149, 1140][-95.0, 171.0, 10.0][-94.938126, 171.0, 9.999999][0.06187439, 0.0, -9.536743E-7][0.06187439]
[231, 1138][-85.0, 171.0, 10.0][-85.03808, 171.0, 10.085124][-0.038078308, 0.0, 0.085124016][0.093252644]
[319, 1137][-75.0, 171.0, 10.0][-74.99228, 171.0, 10.0][0.0077209473, 0.0, 0.0][0.0077209473]
[410, 1137][-65.0, 171.0, 10.0][-64.996666, 171.0, 9.915129][0.0033340454, 0.0, -0.08487129][0.08493675]
[503, 1136][-55.0, 171.0, 10.0][-55.088005, 171.0, 10.0][-0.088005066, 0.0, 0.0][0.088005066]
[600, 1135][-45.0, 171.0, 10.0][-45.006893, 171.0, 9.999999][-0.006893158, 0.0, -9.536743E-7][0.006893158]
[700, 1135][-35.0, 171.0, 10.0][-34.971394, 171.0, 9.9179][0.028606415, 0.0, -0.082099915][0.086940914]
[802, 1135][-25.0, 171.0, 10.0][-24.938509, 171.0, 9.917896][0.061491013, 0.0, -0.08210373][0.10257761]
[904, 1135][-15.0, 171.0, 10.0][-15.027978, 171.0, 9.918563][-0.027977943, 0.0, -0.08143711][0.08610905]
[1006, 1135][-5.0, 171.0, 10.0][-4.995747, 171.0, 9.918562][0.0042529106, 0.0, -0.081438065][0.08154904]
[1108, 1135][5.0, 171.0, 10.0][4.8737984, 171.0, 9.918562][-0.12620163, 0.0, -0.081438065][0.15019657]
[1211, 1135][15.0, 171.0, 10.0][14.987328, 171.0, 10.0][-0.012672424, 0.0, 0.0][0.012672424]
[1312, 1136][25.0, 171.0, 10.0][24.895832, 171.0, 10.0][-0.10416794, 0.0, 0.0][0.10416794]
[1412, 1137][35.0, 171.0, 10.0][34.88807, 171.0, 10.0][-0.11193085, 0.0, 0.0][0.11193085]
[1511, 1138][45.0, 171.0, 10.0][44.87797, 171.0, 10.0][-0.12202835, 0.0, 0.0][0.12202835]
[1607, 1140][55.0, 171.0, 10.0][54.869846, 171.0, 9.916538][-0.13015366, 0.0, -0.08346176][0.15461513]
[1700, 1141][65.0, 171.0, 10.0][64.905754, 171.0, 10.0][-0.09424591, 0.0, 0.0][0.09424591]
[1790, 1142][75.0, 171.0, 10.0][74.8988, 171.0, 10.0][-0.10119629, 0.0, 0.0][0.10119629]
[1877, 1144][85.0, 171.0, 10.0][84.94191, 171.0, 9.914414][-0.05809021, 0.0, -0.085585594][0.103437744]
[1960, 1146][95.0, 171.0, 10.0][94.83613, 171.0, 9.913681][-0.16387177, 0.0, -0.08631897][0.18521588]
[147, 1236][-95.0, 171.0, 0.0][-94.937965, 171.0, -0.0][0.062034607, 0.0, -0.0][0.062034607]
[230, 1236][-85.0, 171.0, 0.0][-85.0398, 171.0, -0.0][-0.03980255, 0.0, -0.0][0.03980255]
[318, 1236][-75.0, 171.0, 0.0][-74.94625, 171.0, -0.0][0.053749084, 0.0, -0.0][0.053749084]
[409, 1236][-65.0, 171.0, 0.0][-64.95147, 171.0, -0.0][0.04853058, 0.0, -0.0][0.04853058]
[503, 1236][-55.0, 171.0, 0.0][-54.957417, 171.0, -0.0][0.042583466, 0.0, -0.0][0.042583466]
[600, 1237][-45.0, 171.0, 0.0][-44.921314, 171.0, -0.08251391][0.07868576, 0.0, -0.08251391][0.11401752]
[699, 1237][-35.0, 171.0, 0.0][-35.012627, 171.0, -0.081834204][-0.012626648, 0.0, -0.081834204][0.08280259]
[801, 1237][-25.0, 171.0, 0.0][-24.97909, 171.0, -0.0][0.020910263, 0.0, -0.0][0.020910263]
[903, 1237][-15.0, 171.0, 0.0][-15.027935, 171.0, -0.0][-0.027935028, 0.0, -0.0][0.027935028]
[1006, 1238][-5.0, 171.0, 0.0][-4.995733, 171.0, -0.0811635][0.0042672157, 0.0, -0.0811635][0.081275605]
[1108, 1238][5.0, 171.0, 0.0][4.9550824, 171.0, -0.0811635][-0.044917583, 0.0, -0.0811635][0.0927637]
[1211, 1238][15.0, 171.0, 0.0][14.987284, 171.0, -0.0][-0.012716293, 0.0, -0.0][0.012716293]
[1312, 1239][25.0, 171.0, 0.0][24.979092, 171.0, -0.08183155][-0.020908356, 0.0, -0.08183155][0.084460415]
[1412, 1239][35.0, 171.0, 0.0][34.92998, 171.0, -0.0][-0.07001877, 0.0, -0.0][0.07001877]
[1511, 1239][45.0, 171.0, 0.0][44.96405, 171.0, -0.0][-0.035949707, 0.0, -0.0][0.035949707]
[1607, 1240][55.0, 171.0, 0.0][54.95742, 171.0, -0.083205625][-0.04257965, 0.0, -0.083205625][0.09346765]
[1700, 1240][65.0, 171.0, 0.0][64.860596, 171.0, -0.08462048][-0.1394043, 0.0, -0.08462048][0.16307724]
[1790, 1240][75.0, 171.0, 0.0][74.851944, 171.0, -0.0][-0.14805603, 0.0, -0.0][0.14805603]
[1877, 1241][85.0, 171.0, 0.0][84.941765, 171.0, -0.08608994][-0.05823517, 0.0, -0.08608994][0.10393658]
[1960, 1242][95.0, 171.0, 0.0][94.88643, 171.0, -0.086844034][-0.11357117, 0.0, -0.086844034][0.14296956]
[147, 1331][-95.0, 171.0, -10.0][-94.938126, 171.0, -9.999999][0.06187439, 0.0, 9.536743E-7][0.06187439]
[230, 1333][-85.0, 171.0, -10.0][-84.99046, 171.0, -10.085124][0.009536743, 0.0, -0.085124016][0.08565657]
[318, 1334][-75.0, 171.0, -10.0][-74.99228, 171.0, -10.0][0.0077209473, 0.0, 0.0][0.0077209473]
[409, 1335][-65.0, 171.0, -10.0][-64.99667, 171.0, -10.0][0.003326416, 0.0, 0.0][0.003326416]
[503, 1337][-55.0, 171.0, -10.0][-55.001026, 171.0, -10.0829525][-0.0010261536, 0.0, -0.0829525][0.08295885]
[600, 1338][-45.0, 171.0, -10.0][-45.006897, 171.0, -10.082941][-0.0068969727, 0.0, -0.082941055][0.08322732]
[699, 1338][-35.0, 171.0, -10.0][-35.01272, 171.0, -9.999999][-0.012718201, 0.0, 9.536743E-7][0.012718201]
[801, 1339][-25.0, 171.0, -10.0][-24.97916, 171.0, -10.000001][0.020839691, 0.0, -9.536743E-7][0.020839691]
[903, 1340][-15.0, 171.0, -10.0][-14.987329, 171.0, -10.081558][0.012671471, 0.0, -0.08155823][0.08253672]
[1005, 1340][-5.0, 171.0, -10.0][-5.0777154, 171.0, -10.0][-0.0777154, 0.0, 0.0][0.0777154]
[1108, 1341][5.0, 171.0, -10.0][4.955097, 171.0, -10.08223][-0.0449028, 0.0, -0.082229614][0.09369082]
[1210, 1341][15.0, 171.0, -10.0][14.946679, 171.0, -10.082232][-0.053320885, 0.0, -0.082232475][0.09800661]
[1312, 1341][25.0, 171.0, -10.0][25.020485, 171.0, -10.082239][0.020484924, 0.0, -0.08223915][0.08475205]
[1412, 1340][35.0, 171.0, -10.0][34.889435, 171.0, -10.0][-0.110565186, 0.0, 0.0][0.110565186]
[1511, 1340][45.0, 171.0, -10.0][44.92143, 171.0, -10.000001][-0.07857132, 0.0, -9.536743E-7][0.07857132]
[1606, 1339][55.0, 171.0, -10.0][54.82715, 171.0, -9.999999][-0.17285156, 0.0, 9.536743E-7][0.17285156]
[1700, 1339][65.0, 171.0, -10.0][64.906586, 171.0, -10.0843725][-0.09341431, 0.0, -0.08437252][0.12587675]
[1790, 1338][75.0, 171.0, -10.0][74.90055, 171.0, -10.000001][-0.09944916, 0.0, -9.536743E-7][0.09944916]
[1876, 1338][85.0, 171.0, -10.0][84.79636, 171.0, -10.086605][-0.2036438, 0.0, -0.08660507][0.22129445]
[1959, 1337][95.0, 171.0, -10.0][94.836136, 171.0, -10.086621][-0.16386414, 0.0, -0.086621284][0.18535021]
[148, 1426][-95.0, 171.0, -20.0][-94.989105, 171.0, -20.0][0.010894775, 0.0, 0.0][0.010894775]
[231, 1429][-85.0, 171.0, -20.0][-85.03856, 171.0, -20.08418][-0.03855896, 0.0, -0.08418083][0.092591606]
[319, 1431][-75.0, 171.0, -20.0][-74.99191, 171.0, -20.000002][0.008087158, 0.0, -1.9073486E-6][0.008087158]
[410, 1434][-65.0, 171.0, -20.0][-64.952065, 171.0, -20.082048][0.047935486, 0.0, -0.082048416][0.09502502]
[504, 1436][-55.0, 171.0, -20.0][-54.957943, 171.0, -20.082026][0.042057037, 0.0, -0.08202553][0.09217907]
[600, 1437][-45.0, 171.0, -20.0][-45.007236, 171.0, -20.0][-0.0072364807, 0.0, 0.0][0.0072364807]
[699, 1439][-35.0, 171.0, -20.0][-35.05365, 171.0, -20.081316][-0.053649902, 0.0, -0.081315994][0.09741973]
[801, 1440][-25.0, 171.0, -20.0][-24.979364, 171.0, -19.999998][0.020635605, 0.0, 1.9073486E-6][0.020635605]
[903, 1441][-15.0, 171.0, -20.0][-14.987454, 171.0, -20.0][0.012545586, 0.0, 0.0][0.012545586]
[1005, 1442][-5.0, 171.0, -20.0][-5.077758, 171.0, -20.0][-0.077757835, 0.0, 0.0][0.077757835]
[1107, 1443][5.0, 171.0, -20.0][4.913824, 171.0, -20.08196][-0.08617592, 0.0, -0.08196068][0.11892788]
[1209, 1443][15.0, 171.0, -20.0][14.946807, 171.0, -20.081968][-0.053193092, 0.0, -0.08196831][0.097715445]
[1310, 1442][25.0, 171.0, -20.0][24.93805, 171.0, -20.081305][-0.061950684, 0.0, -0.08130455][0.10221701]
[1411, 1441][35.0, 171.0, -20.0][34.971676, 171.0, -20.081316][-0.028324127, 0.0, -0.081315994][0.08610777]
[1509, 1440][45.0, 171.0, -20.0][44.879772, 171.0, -20.082005][-0.12022781, 0.0, -0.08200455][0.14553168]
[1605, 1438][55.0, 171.0, -20.0][54.95794, 171.0, -20.0][-0.042060852, 0.0, 0.0][0.042060852]
[1697, 1437][65.0, 171.0, -20.0][64.8628, 171.0, -20.082731][-0.1371994, 0.0, -0.08273125][0.16021279]
[1788, 1435][75.0, 171.0, -20.0][74.94687, 171.0, -20.0][-0.053131104, 0.0, 0.0][0.053131104]
[1875, 1433][85.0, 171.0, -20.0][84.84808, 171.0, -19.999998][-0.1519165, 0.0, 1.9073486E-6][0.1519165]
[1958, 1431][95.0, 171.0, -20.0][94.88812, 171.0, -20.000002][-0.11187744, 0.0, -1.9073486E-6][0.11187744]
[151, 1521][-95.0, 171.0, -30.0][-95.03941, 171.0, -30.084005][-0.039413452, 0.0, -0.084005356][0.09279181]
[233, 1525][-85.0, 171.0, -30.0][-85.086044, 171.0, -29.999998][-0.08604431, 0.0, 1.9073486E-6][0.08604431]
[321, 1529][-75.0, 171.0, -30.0][-75.0369, 171.0, -30.082535][-0.03690338, 0.0, -0.08253479][0.09040935]
[413, 1532][-65.0, 171.0, -30.0][-64.95274, 171.0, -30.000002][0.04725647, 0.0, -1.9073486E-6][0.04725647]
[506, 1535][-55.0, 171.0, -30.0][-55.04479, 171.0, -30.082476][-0.04478836, 0.0, -0.08247566][0.093852185]
[602, 1538][-45.0, 171.0, -30.0][-45.00779, 171.0, -30.081762][-0.007789612, 0.0, -0.081762314][0.08213254]
[700, 1540][-35.0, 171.0, -30.0][-35.09611, 171.0, -30.081743][-0.0961113, 0.0, -0.08174324][0.12617186]
[802, 1541][-25.0, 171.0, -30.0][-25.021027, 171.0, -29.999998][-0.021026611, 0.0, 1.9073486E-6][0.021026611]
[903, 1543][-15.0, 171.0, -30.0][-15.028986, 171.0, -30.081715][-0.028985977, 0.0, -0.08171463][0.08670333]
[1005, 1544][-5.0, 171.0, -30.0][-5.0371833, 171.0, -30.083788][-0.037183285, 0.0, -0.08378792][0.09166794]
[1106, 1544][5.0, 171.0, -30.0][4.9138947, 171.0, -30.083786][-0.08610535, 0.0, -0.08378601][0.12014252]
[1208, 1544][15.0, 171.0, -30.0][14.987661, 171.0, -30.08379][-0.012338638, 0.0, -0.083789825][0.084693424]
[1309, 1543][25.0, 171.0, -30.0][24.979706, 171.0, -30.08173][-0.02029419, 0.0, -0.08172989][0.08421181]
[1409, 1541][35.0, 171.0, -30.0][34.972122, 171.0, -30.000002][-0.027877808, 0.0, -1.9073486E-6][0.027877808]
[1507, 1540][45.0, 171.0, -30.0][44.965054, 171.0, -30.081766][-0.03494644, 0.0, -0.08176613][0.088921055]
[1602, 1538][55.0, 171.0, -30.0][54.958572, 171.0, -30.082472][-0.041427612, 0.0, -0.08247185][0.09229221]
[1694, 1535][65.0, 171.0, -30.0][64.863495, 171.0, -30.082508][-0.13650513, 0.0, -0.08250809][0.15950309]
[1784, 1531][75.0, 171.0, -30.0][74.85672, 171.0, -29.91466][-0.14328003, 0.0, 0.0853405][0.1667698]
[1872, 1529][85.0, 171.0, -30.0][84.897316, 171.0, -30.085419][-0.10268402, 0.0, -0.0854187][0.13356782]
[1956, 1526][95.0, 171.0, -30.0][94.939384, 171.0, -29.999998][-0.06061554, 0.0, 1.9073486E-6][0.06061554]
[156, 1615][-95.0, 171.0, -40.0][-94.94047, 171.0, -40.083813][0.059532166, 0.0, -0.08381271][0.10280394]
[238, 1620][-85.0, 171.0, -40.0][-84.9442, 171.0, -39.999996][0.05580139, 0.0, 3.8146973E-6][0.05580139]
[325, 1625][-75.0, 171.0, -40.0][-74.948616, 171.0, -40.082333][0.051383972, 0.0, -0.08233261][0.09705139]
[416, 1629][-65.0, 171.0, -40.0][-64.95369, 171.0, -40.0][0.046310425, 0.0, 0.0][0.046310425]
[509, 1633][-55.0, 171.0, -40.0][-55.04565, 171.0, -40.08226][-0.045650482, 0.0, -0.08226013][0.09407814]
[604, 1636][-45.0, 171.0, -40.0][-45.008537, 171.0, -40.082226][-0.0085372925, 0.0, -0.0822258][0.08266781]
[702, 1638][-35.0, 171.0, -40.0][-35.014057, 171.0, -40.0][-0.014057159, 0.0, 0.0][0.014057159]
[802, 1641][-25.0, 171.0, -40.0][-25.062124, 171.0, -40.0][-0.062124252, 0.0, 0.0][0.062124252]
[903, 1643][-15.0, 171.0, -40.0][-15.029264, 171.0, -40.083557][-0.02926445, 0.0, -0.08355713][0.08853362]
[1004, 1644][-5.0, 171.0, -40.0][-5.037277, 171.0, -40.084263][-0.03727722, 0.0, -0.08426285][0.09214021]
[1105, 1644][5.0, 171.0, -40.0][4.8719897, 171.0, -40.084263][-0.12801027, 0.0, -0.08426285][0.15325423]
[1206, 1644][15.0, 171.0, -40.0][14.905977, 171.0, -40.084267][-0.09402275, 0.0, -0.08426666][0.12625827]
[1307, 1643][25.0, 171.0, -40.0][24.938839, 171.0, -40.083572][-0.06116104, 0.0, -0.08357239][0.103561655]
[1406, 1641][35.0, 171.0, -40.0][34.890778, 171.0, -40.0][-0.10922241, 0.0, 0.0][0.10922241]
[1504, 1638][45.0, 171.0, -40.0][44.923065, 171.0, -40.0][-0.076934814, 0.0, 0.0][0.076934814]
[1598, 1635][55.0, 171.0, -40.0][54.873238, 171.0, -39.999996][-0.12676239, 0.0, 3.8146973E-6][0.12676239]
[1690, 1632][65.0, 171.0, -40.0][64.866, 171.0, -40.083687][-0.13400269, 0.0, -0.08368683][0.157988]
[1780, 1628][75.0, 171.0, -40.0][74.903595, 171.0, -40.083733][-0.09640503, 0.0, -0.083732605][0.12769134]
[1866, 1624][85.0, 171.0, -40.0][84.851654, 171.0, -40.085217][-0.14834595, 0.0, -0.08521652][0.17108002]
[1950, 1619][95.0, 171.0, -40.0][94.892845, 171.0, -40.0][-0.107154846, 0.0, 0.0][0.107154846]
[161, 1707][-95.0, 171.0, -50.0][-94.94177, 171.0, -50.0][0.05822754, 0.0, 0.0][0.05822754]
[243, 1714][-85.0, 171.0, -50.0][-84.945496, 171.0, -50.084293][0.054504395, 0.0, -0.084293365][0.10037978]
[330, 1720][-75.0, 171.0, -50.0][-74.94986, 171.0, -50.084244][0.05014038, 0.0, -0.084243774][0.09803607]
[420, 1725][-65.0, 171.0, -50.0][-65.04259, 171.0, -50.0842][-0.04258728, 0.0, -0.08420181][0.094359]
[512, 1729][-55.0, 171.0, -50.0][-55.046684, 171.0, -49.999996][-0.046684265, 0.0, 3.8146973E-6][0.046684265]
[607, 1733][-45.0, 171.0, -50.0][-45.051456, 171.0, -50.0][-0.05145645, 0.0, 0.0][0.05145645]
[704, 1736][-35.0, 171.0, -50.0][-35.014797, 171.0, -49.999992][-0.014797211, 0.0, 7.6293945E-6][0.014797213]
[804, 1739][-25.0, 171.0, -50.0][-25.022036, 171.0, -50.084793][-0.022035599, 0.0, -0.08479309][0.08760956]
[904, 1741][-15.0, 171.0, -50.0][-15.029604, 171.0, -50.08551][-0.029603958, 0.0, -0.085510254][0.09048977]
[1004, 1742][-5.0, 171.0, -50.0][-5.0794034, 171.0, -50.08625][-0.0794034, 0.0, -0.086250305][0.11723487]
[1105, 1742][5.0, 171.0, -50.0][4.954746, 171.0, -50.0][-0.04525423, 0.0, 0.0][0.04525423]
[1205, 1742][15.0, 171.0, -50.0][14.98828, 171.0, -50.08551][-0.011719704, 0.0, -0.085510254][0.08630965]
[1304, 1741][25.0, 171.0, -50.0][24.856754, 171.0, -50.08479][-0.1432457, 0.0, -0.084789276][0.16645886]
[1403, 1738][35.0, 171.0, -50.0][34.891518, 171.0, -49.999996][-0.10848236, 0.0, 3.8146973E-6][0.10848236]
[1500, 1735][45.0, 171.0, -50.0][44.88197, 171.0, -49.999996][-0.11803055, 0.0, 3.8146973E-6][0.11803055]
[1594, 1731][55.0, 171.0, -50.0][54.917744, 171.0, -49.999996][-0.08225632, 0.0, 3.8146973E-6][0.08225632]
[1686, 1727][65.0, 171.0, -50.0][64.95486, 171.0, -50.084927][-0.045143127, 0.0, -0.084926605][0.09617916]
[1775, 1722][75.0, 171.0, -50.0][74.94985, 171.0, -50.0][-0.05014801, 0.0, 0.0][0.05014801]
[1861, 1717][85.0, 171.0, -50.0][84.899635, 171.0, -49.999996][-0.100364685, 0.0, 3.8146973E-6][0.100364685]
[1944, 1712][95.0, 171.0, -50.0][94.9894, 171.0, -50.08582][-0.010597229, 0.0, -0.085819244][0.08647106]
[167, 1797][-95.0, 171.0, -60.0][-94.9433, 171.0, -60.000004][0.05670166, 0.0, -3.8146973E-6][0.05670166]
[249, 1805][-85.0, 171.0, -60.0][-84.94699, 171.0, -60.0][0.053009033, 0.0, 0.0][0.053009033]
[335, 1812][-75.0, 171.0, -60.0][-75.04057, 171.0, -59.999996][-0.04057312, 0.0, 3.8146973E-6][0.04057312]
[425, 1818][-65.0, 171.0, -60.0][-64.956184, 171.0, -60.0][0.043815613, 0.0, 0.0][0.043815613]
[516, 1823][-55.0, 171.0, -60.0][-55.047897, 171.0, -59.999996][-0.04789734, 0.0, 3.8146973E-6][0.04789734]
[610, 1827][-45.0, 171.0, -60.0][-45.095978, 171.0, -59.999996][-0.09597778, 0.0, 3.8146973E-6][0.09597778]
[707, 1831][-35.0, 171.0, -60.0][-35.057682, 171.0, -60.088436][-0.057682037, 0.0, -0.08843613][0.105584875]
[806, 1834][-25.0, 171.0, -60.0][-25.064682, 171.0, -60.088413][-0.06468201, 0.0, -0.08841324][0.10954753]
[905, 1836][-15.0, 171.0, -60.0][-15.073421, 171.0, -60.090015][-0.073420525, 0.0, -0.09001541][0.11616087]
[1004, 1837][-5.0, 171.0, -60.0][-5.080948, 171.0, -60.09][-0.080947876, 0.0, -0.09000015][0.12104786]
[1103, 1838][5.0, 171.0, -60.0][4.9128685, 171.0, -60.090824][-0.0871315, 0.0, -0.09082413][0.12586072]
[1202, 1837][15.0, 171.0, -60.0][14.905338, 171.0, -60.0][-0.09466171, 0.0, 0.0][0.09466171]
[1301, 1836][25.0, 171.0, -60.0][24.898014, 171.0, -60.000008][-0.10198593, 0.0, -7.6293945E-6][0.10198593]
[1399, 1834][35.0, 171.0, -60.0][34.93302, 171.0, -60.08844][-0.066978455, 0.0, -0.08843994][0.11094024]
[1496, 1830][45.0, 171.0, -60.0][45.010506, 171.0, -60.087685][0.010505676, 0.0, -0.08768463][0.08831174]
[1589, 1825][55.0, 171.0, -60.0][54.91897, 171.0, -60.087723][-0.0810318, 0.0, -0.08772278][0.11942126]
[1680, 1819][65.0, 171.0, -60.0][64.956184, 171.0, -60.0][-0.043815613, 0.0, 0.0][0.043815613]
[1768, 1814][75.0, 171.0, -60.0][74.86202, 171.0, -60.000004][-0.1379776, 0.0, -3.8146973E-6][0.1379776]
[1854, 1808][85.0, 171.0, -60.0][84.90113, 171.0, -60.000004][-0.098869324, 0.0, -3.8146973E-6][0.098869324]
[1936, 1801][95.0, 171.0, -60.0][94.84898, 171.0, -60.000004][-0.15101624, 0.0, -3.8146973E-6][0.15101624]
[174, 1883][-95.0, 171.0, -70.0][-95.09067, 171.0, -70.0][-0.090667725, 0.0, 0.0][0.090667725]
[255, 1892][-85.0, 171.0, -70.0][-85.043, 171.0, -69.99999][-0.042999268, 0.0, 7.6293945E-6][0.042999268]
[341, 1900][-75.0, 171.0, -70.0][-75.04218, 171.0, -70.08766][-0.042182922, 0.0, -0.08766174][0.09728299]
[430, 1907][-65.0, 171.0, -70.0][-65.04541, 171.0, -70.088394][-0.045410156, 0.0, -0.088394165][0.099376105]
[521, 1913][-55.0, 171.0, -70.0][-55.04925, 171.0, -70.08996][-0.049251556, 0.0, -0.08995819][0.10255823]
[614, 1917][-45.0, 171.0, -70.0][-45.01166, 171.0, -70.08992][-0.01166153, 0.0, -0.089920044][0.090673074]
[710, 1921][-35.0, 171.0, -70.0][-35.05862, 171.0, -70.089874][-0.058620453, 0.0, -0.08987427][0.10730211]
[808, 1924][-25.0, 171.0, -70.0][-24.982037, 171.0, -70.0][0.01796341, 0.0, 0.0][0.01796341]
[906, 1926][-15.0, 171.0, -70.0][-15.031833, 171.0, -70.00001][-0.031832695, 0.0, -7.6293945E-6][0.0318327]
[1004, 1927][-5.0, 171.0, -70.0][-5.039079, 171.0, -69.99999][-0.03907919, 0.0, 7.6293945E-6][0.03907919]
[1102, 1928][5.0, 171.0, -70.0][4.9116, 171.0, -70.09235][-0.08839989, 0.0, -0.09234619][0.12783724]
[1201, 1927][15.0, 171.0, -70.0][14.989097, 171.0, -70.00001][-0.010903358, 0.0, -7.6293945E-6][0.010903361]
[1298, 1926][25.0, 171.0, -70.0][24.898708, 171.0, -70.0][-0.10129166, 0.0, 0.0][0.10129166]
[1395, 1924][35.0, 171.0, -70.0][34.933968, 171.0, -70.08906][-0.06603241, 0.0, -0.08905792][0.110867456]
[1490, 1919][45.0, 171.0, -70.0][44.84074, 171.0, -70.00001][-0.1592598, 0.0, -7.6293945E-6][0.1592598]
[1583, 1914][55.0, 171.0, -70.0][54.96304, 171.0, -70.08834][-0.0369606, 0.0, -0.08834076][0.09576103]
[1673, 1908][65.0, 171.0, -70.0][64.86997, 171.0, -70.0][-0.13002777, 0.0, 0.0][0.13002777]
[1761, 1901][75.0, 171.0, -70.0][74.95287, 171.0, -70.0][-0.04712677, 0.0, 0.0][0.04712677]
[1846, 1894][85.0, 171.0, -70.0][84.94865, 171.0, -69.99999][-0.051353455, 0.0, 7.6293945E-6][0.051353455]
[1928, 1887][95.0, 171.0, -70.0][94.945015, 171.0, -70.08938][-0.054985046, 0.0, -0.08937836][0.104937345]
[182, 1967][-95.0, 171.0, -80.0][-95.043015, 171.0, -80.0][-0.043014526, 0.0, 0.0][0.043014526]
[263, 1978][-85.0, 171.0, -80.0][-84.95048, 171.0, -80.08838][0.0495224, 0.0, -0.088378906][0.10130794]
[348, 1987][-75.0, 171.0, -80.0][-74.954605, 171.0, -80.08911][0.045394897, 0.0, -0.08911133][0.10000762]
[436, 1994][-65.0, 171.0, -80.0][-65.047, 171.0, -80.08987][-0.04699707, 0.0, -0.08986664][0.1014137]
[527, 2000][-55.0, 171.0, -80.0][-54.964478, 171.0, -80.09064][0.03552246, 0.0, -0.09063721][0.09734962]
[619, 2004][-45.0, 171.0, -80.0][-45.056366, 171.0, -80.00001][-0.056365967, 0.0, -7.6293945E-6][0.056365967]
[714, 2008][-35.0, 171.0, -80.0][-34.97628, 171.0, -80.0][0.023719788, 0.0, 0.0][0.023719788]
[810, 2012][-25.0, 171.0, -80.0][-25.025518, 171.0, -80.09311][-0.025518417, 0.0, -0.09310913][0.09654274]
[907, 2014][-15.0, 171.0, -80.0][-15.032287, 171.0, -80.0][-0.032286644, 0.0, 0.0][0.032286644]
[1004, 2016][-5.0, 171.0, -80.0][-5.0827074, 171.0, -80.09396][-0.082707405, 0.0, -0.09396362][0.12517858]
[1101, 2017][5.0, 171.0, -80.0][4.9537644, 171.0, -80.09488][-0.04623556, 0.0, -0.09487915][0.105545156]
[1198, 2017][15.0, 171.0, -80.0][14.86136, 171.0, -80.094894][-0.1386404, 0.0, -0.09489441][0.16800629]
[1295, 2015][25.0, 171.0, -80.0][24.940042, 171.0, -79.99999][-0.059957504, 0.0, 7.6293945E-6][0.059957504]
[1391, 2012][35.0, 171.0, -80.0][34.97628, 171.0, -80.0][-0.023719788, 0.0, 0.0][0.023719788]
[1485, 2007][45.0, 171.0, -80.0][44.97015, 171.0, -80.0][-0.029850006, 0.0, 0.0][0.029850006]
[1576, 2001][55.0, 171.0, -80.0][54.87827, 171.0, -79.99999][-0.121730804, 0.0, 7.6293945E-6][0.121730804]
[1666, 1994][65.0, 171.0, -80.0][64.95927, 171.0, -80.0][-0.040733337, 0.0, 0.0][0.040733337]
[1753, 1987][75.0, 171.0, -80.0][74.99965, 171.0, -80.09075][-3.5095215E-4, 0.0, -0.09075165][0.090752326]
[1837, 1980][85.0, 171.0, -80.0][84.95047, 171.0, -80.090004][-0.04953003, 0.0, -0.09000397][0.10273236]
[1919, 1971][95.0, 171.0, -80.0][94.94685, 171.0, -80.0][-0.053146362, 0.0, 0.0][0.053146362]
[191, 2050][-95.0, 171.0, -90.0][-94.99734, 171.0, -90.0][0.0026626587, 0.0, 0.0][0.0026626587]
[271, 2062][-85.0, 171.0, -90.0][-85.0467, 171.0, -90.08986][-0.046699524, 0.0, -0.08985901][0.10126938]
[355, 2071][-75.0, 171.0, -90.0][-75.00143, 171.0, -90.0][-0.0014266968, 0.0, 0.0][0.0014266968]
[442, 2079][-65.0, 171.0, -90.0][-65.04865, 171.0, -90.0][-0.04865265, 0.0, 0.0][0.04865265]
[532, 2085][-55.0, 171.0, -90.0][-55.00944, 171.0, -90.00001][-0.009441376, 0.0, -7.6293945E-6][0.0094413785]
[624, 2090][-45.0, 171.0, -90.0][-45.05767, 171.0, -90.09579][-0.057670593, 0.0, -0.09578705][0.11180812]
[717, 2094][-35.0, 171.0, -90.0][-35.105553, 171.0, -90.09573][-0.10555267, 0.0, -0.09573364][0.14250016]
[813, 2097][-25.0, 171.0, -90.0][-24.98355, 171.0, -90.0][0.016450882, 0.0, 0.0][0.016450882]
[909, 2100][-15.0, 171.0, -90.0][-14.990024, 171.0, -90.0][0.009976387, 0.0, 0.0][0.009976387]
[1004, 2102][-5.0, 171.0, -90.0][-5.0843787, 171.0, -90.09956][-0.08437872, 0.0, -0.0995636][0.1305093]
[1100, 2103][5.0, 171.0, -90.0][4.9104524, 171.0, -90.09856][-0.089547634, 0.0, -0.09855652][0.13316219]
[1196, 2103][15.0, 171.0, -90.0][14.903826, 171.0, -90.09857][-0.09617424, 0.0, -0.09857178][0.13771667]
[1291, 2102][25.0, 171.0, -90.0][24.897356, 171.0, -90.09761][-0.10264397, 0.0, -0.09761047][0.141646]
[1386, 2098][35.0, 171.0, -90.0][34.89259, 171.0, -90.0][-0.10741043, 0.0, 0.0][0.10741043]
[1479, 2093][45.0, 171.0, -90.0][44.885258, 171.0, -90.09393][-0.11474228, 0.0, -0.093933105][0.14828762]
[1570, 2086][55.0, 171.0, -90.0][54.965958, 171.0, -90.0][-0.03404236, 0.0, 0.0][0.03404236]
[1658, 2078][65.0, 171.0, -90.0][64.91746, 171.0, -90.0][-0.08254242, 0.0, 0.0][0.08254242]
[1744, 2070][75.0, 171.0, -90.0][74.91135, 171.0, -90.00001][-0.088653564, 0.0, -7.6293945E-6][0.088653564]
[1828, 2062][85.0, 171.0, -90.0][84.90648, 171.0, -90.0][-0.09352112, 0.0, 0.0][0.09352112]
[1908, 2053][95.0, 171.0, -90.0][94.80599, 171.0, -89.99999][-0.19400787, 0.0, 7.6293945E-6][0.19400787]
