[sample][target][computed][delta][delta.length]
[192, 326][-95.0, 171.0, 100.0][-94.99669, 171.0, 100.0][0.0033111572, 0.0, 0.0][0.0033111572]
[273, 316][-85.0, 171.0, 100.0][-84.99933, 171.0, 99.99999][6.713867E-4, 0.0, -7.6293945E-6][6.714301E-4]
[357, 307][-75.0, 171.0, 100.0][-74.95823, 171.0, 100.0][0.041770935, 0.0, 0.0][0.041770935]
[443, 299][-65.0, 171.0, 100.0][-64.96263, 171.0, 100.0][0.037368774, 0.0, 0.0][0.037368774]
[530, 292][-55.0, 171.0, 100.0][-55.010223, 171.0, 100.00001][-0.010223389, 0.0, 7.6293945E-6][0.0102233915]
[620, 286][-45.0, 171.0, 100.0][-45.057507, 171.0, 100.0][-0.05750656, 0.0, 0.0][0.05750656]
[713, 281][-35.0, 171.0, 100.0][-34.978394, 171.0, 100.0][0.021606445, 0.0, 0.0][0.021606445]
[807, 276][-25.0, 171.0, 100.0][-24.984324, 171.0, 99.89755][0.015676498, 0.0, -0.10244751][0.103639975]
[901, 272][-15.0, 171.0, 100.0][-15.1187105, 171.0, 99.89544][-0.11871052, 0.0, -0.10456085][0.15819342]
[996, 272][-5.0, 171.0, 100.0][-5.1272564, 171.0, 100.0][-0.1272564, 0.0, 0.0][0.1272564]
[1091, 275][5.0, 171.0, 100.0][4.953339, 171.0, 99.89325][-0.0466609, 0.0, -0.10675049][0.116502814]
[1186, 277][15.0, 171.0, 100.0][14.990504, 171.0, 100.0][-0.009495735, 0.0, 0.0][0.009495735]
[1279, 281][25.0, 171.0, 100.0][24.941599, 171.0, 100.00001][-0.058401108, 0.0, 7.6293945E-6][0.058401108]
[1372, 287][35.0, 171.0, 100.0][34.89364, 171.0, 99.89655][-0.10636139, 0.0, -0.10344696][0.14837122]
[1464, 293][45.0, 171.0, 100.0][44.930023, 171.0, 100.0][-0.06997681, 0.0, 0.0][0.06997681]
[1553, 300][55.0, 171.0, 100.0][54.88129, 171.0, 100.0][-0.118709564, 0.0, 0.0][0.118709564]
[1641, 308][65.0, 171.0, 100.0][64.91917, 171.0, 100.00001][-0.080833435, 0.0, 7.6293945E-6][0.080833435]
[1725, 318][75.0, 171.0, 100.0][74.7797, 171.0, 99.900795][-0.22029877, 0.0, -0.09920502][0.24160543]
[1807, 328][85.0, 171.0, 100.0][84.81918, 171.0, 99.90183][-0.18081665, 0.0, -0.09816742][0.2057462]
[1888, 337][95.0, 171.0, 100.0][94.904945, 171.0, 100.0][-0.09505463, 0.0, 0.0][0.09505463]
[180, 404][-95.0, 171.0, 90.0][-95.043144, 171.0, 90.0][-0.043144226, 0.0, 0.0][0.043144226]
[261, 394][-85.0, 171.0, 90.0][-85.04326, 171.0, 89.99999][-0.043258667, 0.0, -7.6293945E-6][0.043258667]
[345, 385][-75.0, 171.0, 90.0][-75.04411, 171.0, 90.0][-0.04411316, 0.0, 0.0][0.04411316]
[432, 377][-65.0, 171.0, 90.0][-65.00441, 171.0, 90.0][-0.00440979, 0.0, 0.0][0.00440979]
[521, 370][-55.0, 171.0, 90.0][-55.09418, 171.0, 90.0][-0.09418106, 0.0, 0.0][0.09418106]
[613, 364][-45.0, 171.0, 90.0][-45.014175, 171.0, 89.99999][-0.014175415, 0.0, -7.6293945E-6][0.014175417]
[706, 359][-35.0, 171.0, 90.0][-35.101303, 171.0, 89.99999][-0.1013031, 0.0, -7.6293945E-6][0.1013031]
[802, 355][-25.0, 171.0, 90.0][-25.066883, 171.0, 90.0][-0.06688309, 0.0, 0.0][0.06688309]
[899, 352][-15.0, 171.0, 90.0][-15.074771, 171.0, 89.99999][-0.07477093, 0.0, -7.6293945E-6][0.07477093]
[996, 351][-5.0, 171.0, 90.0][-4.9531803, 171.0, 90.10058][0.046819687, 0.0, 0.10057831][0.11094178]
[1092, 353][5.0, 171.0, 90.0][4.996657, 171.0, 89.99999][-0.0033431053, 0.0, -7.6293945E-6][0.003343114]
[1188, 355][15.0, 171.0, 90.0][14.94729, 171.0, 90.0][-0.05270958, 0.0, 0.0][0.05270958]
[1283, 359][25.0, 171.0, 90.0][24.940813, 171.0, 90.0][-0.059186935, 0.0, 0.0][0.059186935]
[1378, 365][35.0, 171.0, 90.0][34.977318, 171.0, 89.90354][-0.02268219, 0.0, -0.096458435][0.099089414]
[1471, 371][45.0, 171.0, 90.0][44.92871, 171.0, 90.0][-0.07128906, 0.0, 0.0][0.07128906]
[1562, 378][55.0, 171.0, 90.0][54.965958, 171.0, 90.0][-0.03404236, 0.0, 0.0][0.03404236]
[1650, 386][65.0, 171.0, 90.0][64.87322, 171.0, 90.0][-0.12677765, 0.0, 0.0][0.12677765]
[1736, 395][75.0, 171.0, 90.0][74.91135, 171.0, 90.00001][-0.088653564, 0.0, 7.6293945E-6][0.088653564]
[1819, 405][85.0, 171.0, 90.0][84.81476, 171.0, 89.90732][-0.1852417, 0.0, -0.092681885][0.20713381]
[1900, 414][95.0, 171.0, 90.0][94.901184, 171.0, 89.99999][-0.09881592, 0.0, -7.6293945E-6][0.09881592]
[170, 486][-95.0, 171.0, 80.0][-94.99538, 171.0, 79.91156][0.004623413, 0.0, -0.08843994][0.08856071]
[251, 476][-85.0, 171.0, 80.0][-85.041374, 171.0, 80.00001][-0.041374207, 0.0, 7.6293945E-6][0.041374207]
[336, 468][-75.0, 171.0, 80.0][-75.0423, 171.0, 79.90824][-0.042297363, 0.0, -0.09175873][0.10103827]
[424, 460][-65.0, 171.0, 80.0][-65.00274, 171.0, 79.99999][-0.0027389526, 0.0, -7.6293945E-6][0.0027389633]
[514, 454][-55.0, 171.0, 80.0][-55.007187, 171.0, 79.908134][-0.0071868896, 0.0, -0.09186554][0.09214623]
[606, 448][-45.0, 171.0, 80.0][-45.0549, 171.0, 80.0][-0.054901123, 0.0, 0.0][0.054901123]
[701, 444][-35.0, 171.0, 80.0][-35.10025, 171.0, 79.9072][-0.100250244, 0.0, -0.092796326][0.13660626]
[799, 441][-25.0, 171.0, 80.0][-25.024096, 171.0, 79.90632][-0.024095535, 0.0, -0.093681335][0.096730486]
[897, 439][-15.0, 171.0, 80.0][-15.072884, 171.0, 79.906296][-0.072883606, 0.0, -0.09370422][0.118711844]
[995, 438][-5.0, 171.0, 80.0][-5.0392313, 171.0, 79.90541][-0.0392313, 0.0, -0.09458923][0.10240224]
[1092, 438][5.0, 171.0, 80.0][4.953763, 171.0, 80.00001][-0.046236992, 0.0, 7.6293945E-6][0.046236992]
[1190, 441][15.0, 171.0, 80.0][14.989547, 171.0, 79.90715][-0.010453224, 0.0, -0.09284973][0.0934363]
[1286, 444][25.0, 171.0, 80.0][24.898039, 171.0, 80.00001][-0.101961136, 0.0, 7.6293945E-6][0.101961136]
[1382, 449][35.0, 171.0, 80.0][34.89295, 171.0, 79.90804][-0.10705185, 0.0, -0.09195709][0.14112478]
[1477, 455][45.0, 171.0, 80.0][44.927406, 171.0, 79.90808][-0.07259369, 0.0, -0.091918945][0.117127866]
[1569, 461][55.0, 171.0, 80.0][54.96446, 171.0, 79.99999][-0.035541534, 0.0, -7.6293945E-6][0.035541534]
[1659, 469][65.0, 171.0, 80.0][64.95927, 171.0, 80.0][-0.040733337, 0.0, 0.0][0.040733337]
[1745, 477][75.0, 171.0, 80.0][74.8637, 171.0, 80.0][-0.13629913, 0.0, 0.0][0.13629913]
[1829, 487][85.0, 171.0, 80.0][84.95043, 171.0, 79.91071][-0.049568176, 0.0, -0.089286804][0.10212315]
[1909, 497][95.0, 171.0, 80.0][94.84882, 171.0, 79.91079][-0.15117645, 0.0, -0.08921051][0.17553586]
[162, 571][-95.0, 171.0, 70.0][-94.993546, 171.0, 70.0][0.006454468, 0.0, 0.0][0.006454468]
[243, 562][-85.0, 171.0, 70.0][-84.90278, 171.0, 69.912415][0.097221375, 0.0, -0.08758545][0.13085568]
[329, 554][-75.0, 171.0, 70.0][-74.95287, 171.0, 70.0][0.04712677, 0.0, 0.0][0.04712677]
[417, 547][-65.0, 171.0, 70.0][-65.001144, 171.0, 70.0][-0.0011444092, 0.0, 0.0][0.0011444092]
[508, 541][-55.0, 171.0, 70.0][-55.005764, 171.0, 70.0][-0.0057640076, 0.0, 0.0][0.0057640076]
[601, 537][-45.0, 171.0, 70.0][-45.053658, 171.0, 69.91145][-0.05365753, 0.0, -0.08854675][0.10353578]
[698, 533][-35.0, 171.0, 70.0][-34.97527, 171.0, 69.911415][0.024730682, 0.0, -0.0885849][0.09197223]
[796, 530][-25.0, 171.0, 70.0][-25.064007, 171.0, 70.00001][-0.064006805, 0.0, 7.6293945E-6][0.064006805]
[895, 528][-15.0, 171.0, 70.0][-15.030418, 171.0, 70.0][-0.030418396, 0.0, 0.0][0.030418396]
[994, 528][-5.0, 171.0, 70.0][-5.081091, 171.0, 70.0][-0.08109093, 0.0, 0.0][0.08109093]
[1092, 528][5.0, 171.0, 70.0][4.913012, 171.0, 70.0][-0.08698797, 0.0, 0.0][0.08698797]
[1191, 530][15.0, 171.0, 70.0][14.9057665, 171.0, 70.0][-0.09423351, 0.0, 0.0][0.09423351]
[1289, 533][25.0, 171.0, 70.0][24.982037, 171.0, 70.0][-0.01796341, 0.0, 0.0][0.01796341]
[1386, 537][35.0, 171.0, 70.0][34.891953, 171.0, 70.0][-0.108047485, 0.0, 0.0][0.108047485]
[1482, 543][45.0, 171.0, 70.0][45.011642, 171.0, 69.91222][0.011642456, 0.0, -0.08778381][0.0885525]
[1575, 549][55.0, 171.0, 70.0][54.963013, 171.0, 69.91226][-0.036987305, 0.0, -0.08773804][0.09521567]
[1665, 556][65.0, 171.0, 70.0][64.86996, 171.0, 69.91231][-0.13004303, 0.0, -0.08769226][0.15684745]
[1752, 564][75.0, 171.0, 70.0][74.86198, 171.0, 69.91235][-0.13802338, 0.0, -0.087646484][0.16350034]
[1836, 572][85.0, 171.0, 70.0][84.85434, 171.0, 70.0][-0.1456604, 0.0, 0.0][0.1456604]
[1916, 582][95.0, 171.0, 70.0][94.847, 171.0, 69.99999][-0.15299988, 0.0, -7.6293945E-6][0.15299988]
[154, 659][-95.0, 171.0, 60.0][-95.04134, 171.0, 60.000004][-0.04134369, 0.0, 3.8146973E-6][0.04134369]
[235, 651][-85.0, 171.0, 60.0][-85.03957, 171.0, 59.913345][-0.03957367, 0.0, -0.08665466][0.09526335]
[321, 644][-75.0, 171.0, 60.0][-75.03901, 171.0, 59.999996][-0.039009094, 0.0, -3.8146973E-6][0.039009094]
[411, 638][-65.0, 171.0, 60.0][-64.99967, 171.0, 59.999996][3.2806396E-4, 0.0, -3.8146973E-6][3.2808614E-4]
[502, 633][-55.0, 171.0, 60.0][-55.04644, 171.0, 60.0][-0.046440125, 0.0, 0.0][0.046440125]
[597, 629][-45.0, 171.0, 60.0][-45.051094, 171.0, 60.0][-0.051094055, 0.0, 0.0][0.051094055]
[694, 626][-35.0, 171.0, 60.0][-35.014973, 171.0, 59.91238][-0.014972687, 0.0, -0.08761978][0.08888986]
[794, 624][-25.0, 171.0, 60.0][-24.981335, 171.0, 59.912357][0.018665314, 0.0, -0.08764267][0.08960821]
[894, 622][-15.0, 171.0, 60.0][-14.988663, 171.0, 59.911575][0.01133728, 0.0, -0.08842468][0.089148514]
[993, 621][-5.0, 171.0, 60.0][-5.0795336, 171.0, 59.999996][-0.07953358, 0.0, -3.8146973E-6][0.07953358]
[1093, 622][5.0, 171.0, 60.0][4.9961996, 171.0, 59.999996][-0.0038003922, 0.0, -3.8146973E-6][0.003800394]
[1192, 624][15.0, 171.0, 60.0][14.905334, 171.0, 59.91234][-0.09466553, 0.0, -0.08766174][0.12901993]
[1291, 626][25.0, 171.0, 60.0][24.898014, 171.0, 60.000008][-0.10198593, 0.0, 7.6293945E-6][0.10198593]
[1389, 630][35.0, 171.0, 60.0][34.933006, 171.0, 59.913136][-0.06699371, 0.0, -0.08686447][0.10969774]
[1485, 634][45.0, 171.0, 60.0][44.883022, 171.0, 60.0][-0.11697769, 0.0, 0.0][0.11697769]
[1579, 640][55.0, 171.0, 60.0][54.875484, 171.0, 59.9132][-0.12451553, 0.0, -0.08679962][0.1517837]
[1671, 646][65.0, 171.0, 60.0][64.86693, 171.0, 60.000008][-0.1330719, 0.0, 7.6293945E-6][0.1330719]
[1759, 653][75.0, 171.0, 60.0][74.905426, 171.0, 60.0][-0.094573975, 0.0, 0.0][0.094573975]
[1843, 661][85.0, 171.0, 60.0][84.89938, 171.0, 60.000004][-0.100616455, 0.0, 3.8146973E-6][0.100616455]
[1924, 670][95.0, 171.0, 60.0][94.9433, 171.0, 60.000004][-0.05670166, 0.0, 3.8146973E-6][0.05670166]
[147, 749][-95.0, 171.0, 50.0][-94.94175, 171.0, 49.91431][0.058250427, 0.0, -0.085689545][0.10361376]
[228, 742][-85.0, 171.0, 50.0][-85.038086, 171.0, 49.913536][-0.038085938, 0.0, -0.08646393][0.09448042]
[315, 736][-75.0, 171.0, 50.0][-74.949844, 171.0, 49.914223][0.05015564, 0.0, -0.08577728][0.09936463]
[405, 731][-65.0, 171.0, 50.0][-64.998314, 171.0, 49.913445][0.0016860962, 0.0, -0.08655548][0.0865719]
[497, 727][-55.0, 171.0, 50.0][-55.003204, 171.0, 49.914146][-0.0032043457, 0.0, -0.08585358][0.08591335]
[592, 723][-45.0, 171.0, 50.0][-45.050045, 171.0, 50.000004][-0.050045013, 0.0, 3.8146973E-6][0.050045013]
[691, 721][-35.0, 171.0, 50.0][-35.014122, 171.0, 49.913357][-0.014122009, 0.0, -0.08664322][0.087786555]
[791, 719][-25.0, 171.0, 50.0][-25.021349, 171.0, 49.913326][-0.021348953, 0.0, -0.08667374][0.089264296]
[891, 717][-15.0, 171.0, 50.0][-15.110235, 171.0, 50.0][-0.110235214, 0.0, 0.0][0.110235214]
[992, 717][-5.0, 171.0, 50.0][-5.037391, 171.0, 50.000008][-0.037391186, 0.0, 7.6293945E-6][0.037391186]
[1093, 718][5.0, 171.0, 50.0][4.9547453, 171.0, 49.914043][-0.045254707, 0.0, -0.08595657][0.09714176]
[1193, 720][15.0, 171.0, 50.0][14.946953, 171.0, 49.914047][-0.05304718, 0.0, -0.08595276][0.101004355]
[1293, 722][25.0, 171.0, 50.0][24.980698, 171.0, 49.91406][-0.019302368, 0.0, -0.085941315][0.0880823]
[1392, 724][35.0, 171.0, 50.0][34.93216, 171.0, 50.0][-0.067840576, 0.0, 0.0][0.067840576]
[1489, 728][45.0, 171.0, 50.0][44.88197, 171.0, 49.999996][-0.11803055, 0.0, -3.8146973E-6][0.11803055]
[1584, 733][55.0, 171.0, 50.0][54.874287, 171.0, 50.0][-0.12571335, 0.0, 0.0][0.12571335]
[1676, 739][65.0, 171.0, 50.0][64.954834, 171.0, 49.91562][-0.045166016, 0.0, -0.0843811][0.095708616]
[1764, 745][75.0, 171.0, 50.0][74.94985, 171.0, 50.0][-0.05014801, 0.0, 0.0][0.05014801]
[1848, 752][85.0, 171.0, 50.0][84.8027, 171.0, 50.0][-0.19730377, 0.0, 0.0][0.19730377]
[1929, 760][95.0, 171.0, 50.0][94.841805, 171.0, 49.999996][-0.1581955, 0.0, -3.8146973E-6][0.1581955]
[141, 841][-95.0, 171.0, 40.0][-94.94045, 171.0, 39.91451][0.059547424, 0.0, -0.08549118][0.10418559]
[222, 835][-85.0, 171.0, 40.0][-85.03854, 171.0, 39.91447][-0.0385437, 0.0, -0.08552933][0.09381302]
[309, 829][-75.0, 171.0, 40.0][-74.948616, 171.0, 40.000004][0.051383972, 0.0, 3.8146973E-6][0.051383972]
[400, 825][-65.0, 171.0, 40.0][-64.910225, 171.0, 40.0][0.089775085, 0.0, 0.0][0.089775085]
[493, 822][-55.0, 171.0, 40.0][-54.959427, 171.0, 40.0][0.04057312, 0.0, 0.0][0.04057312]
[588, 820][-45.0, 171.0, 40.0][-45.049126, 171.0, 39.91577][-0.04912567, 0.0, -0.084228516][0.09750782]
[687, 818][-35.0, 171.0, 40.0][-35.094692, 171.0, 39.91575][-0.09469223, 0.0, -0.084251404][0.12674746]
[788, 816][-25.0, 171.0, 40.0][-25.102114, 171.0, 40.0][-0.102113724, 0.0, 0.0][0.102113724]
[890, 816][-15.0, 171.0, 40.0][-15.028588, 171.0, 39.914295][-0.028588295, 0.0, -0.0857048][0.090347126]
[991, 816][-5.0, 171.0, 40.0][-5.077921, 171.0, 39.914284][-0.07792091, 0.0, -0.08571625][0.11584017]
[1093, 816][5.0, 171.0, 40.0][4.995953, 171.0, 39.999996][-0.004046917, 0.0, -3.8146973E-6][0.004046919]
[1194, 817][15.0, 171.0, 40.0][14.987938, 171.0, 40.0][-0.012062073, 0.0, 0.0][0.012062073]
[1294, 819][25.0, 171.0, 40.0][24.938833, 171.0, 40.0][-0.061166763, 0.0, 0.0][0.061166763]
[1394, 821][35.0, 171.0, 40.0][34.890778, 171.0, 40.0][-0.10922241, 0.0, 0.0][0.10922241]
[1492, 825][45.0, 171.0, 40.0][44.881058, 171.0, 39.916473][-0.11894226, 0.0, -0.08352661][0.14534083]
[1588, 829][55.0, 171.0, 40.0][54.95942, 171.0, 39.9165][-0.04058075, 0.0, -0.08349991][0.09283874]
[1680, 833][65.0, 171.0, 40.0][64.864426, 171.0, 40.0][-0.13557434, 0.0, 0.0][0.13557434]
[1769, 839][75.0, 171.0, 40.0][74.90275, 171.0, 39.999996][-0.09725189, 0.0, -3.8146973E-6][0.09725189]
[1854, 845][85.0, 171.0, 40.0][84.8966, 171.0, 40.000004][-0.103401184, 0.0, 3.8146973E-6][0.103401184]
[1935, 852][95.0, 171.0, 40.0][94.889946, 171.0, 39.913773][-0.110054016, 0.0, -0.08622742][0.13981077]
[135, 934][-95.0, 171.0, 30.0][-95.041435, 171.0, 30.0][-0.04143524, 0.0, 0.0][0.04143524]
[217, 929][-85.0, 171.0, 30.0][-84.990776, 171.0, 29.999998][0.009223938, 0.0, -1.9073486E-6][0.009223938]
[304, 925][-75.0, 171.0, 30.0][-74.99266, 171.0, 30.000004][0.0073394775, 0.0, 3.8146973E-6][0.0073394785]
[395, 922][-65.0, 171.0, 30.0][-65.040474, 171.0, 30.000002][-0.040473938, 0.0, 1.9073486E-6][0.040473938]
[489, 920][-55.0, 171.0, 30.0][-55.04333, 171.0, 30.000002][-0.043331146, 0.0, 1.9073486E-6][0.043331146]
[586, 918][-45.0, 171.0, 30.0][-44.96505, 171.0, 30.000002][0.034950256, 0.0, 1.9073486E-6][0.034950256]
[685, 916][-35.0, 171.0, 30.0][-35.012775, 171.0, 29.999998][-0.012775421, 0.0, -1.9073486E-6][0.012775421]
[787, 915][-25.0, 171.0, 30.0][-24.93905, 171.0, 30.0][0.060949326, 0.0, 0.0][0.060949326]
[889, 915][-15.0, 171.0, 30.0][-15.028312, 171.0, 30.0][-0.02831173, 0.0, 0.0][0.02831173]
[991, 915][-5.0, 171.0, 30.0][-5.03651, 171.0, 29.999998][-0.03650999, 0.0, -1.9073486E-6][0.03650999]
[1092, 916][5.0, 171.0, 30.0][4.9138927, 171.0, 29.917349][-0.086107254, 0.0, -0.08265114][0.119355224]
[1194, 917][15.0, 171.0, 30.0][14.905695, 171.0, 29.917353][-0.09430504, 0.0, -0.08264732][0.12539546]
[1295, 919][25.0, 171.0, 30.0][24.938377, 171.0, 29.917362][-0.06162262, 0.0, -0.08263779][0.1030842]
[1396, 921][35.0, 171.0, 30.0][34.930798, 171.0, 29.917374][-0.06920242, 0.0, -0.08262634][0.10777795]
[1495, 923][45.0, 171.0, 30.0][44.922318, 171.0, 29.999998][-0.077682495, 0.0, -1.9073486E-6][0.077682495]
[1591, 926][55.0, 171.0, 30.0][54.958572, 171.0, 30.000002][-0.041427612, 0.0, 1.9073486E-6][0.041427612]
[1684, 930][65.0, 171.0, 30.0][64.95274, 171.0, 29.916754][-0.04725647, 0.0, -0.08324623][0.09572413]
[1773, 934][75.0, 171.0, 30.0][74.90175, 171.0, 30.000002][-0.09825134, 0.0, 1.9073486E-6][0.09825134]
[1859, 939][85.0, 171.0, 30.0][84.94316, 171.0, 29.916107][-0.05683899, 0.0, -0.08389282][0.101334475]
[1940, 944][95.0, 171.0, 30.0][94.939384, 171.0, 29.999998][-0.06061554, 0.0, -1.9073486E-6][0.06061554]
[132, 1028][-95.0, 171.0, 20.0][-94.99016, 171.0, 20.0][0.009841919, 0.0, 0.0][0.009841919]
[213, 1025][-85.0, 171.0, 20.0][-84.99094, 171.0, 20.0][0.009063721, 0.0, 0.0][0.009063721]
[300, 1023][-75.0, 171.0, 20.0][-75.03778, 171.0, 19.916313][-0.03778076, 0.0, -0.08368683][0.09181978]
[392, 1021][-65.0, 171.0, 20.0][-64.95205, 171.0, 19.9163][0.047950745, 0.0, -0.08370018][0.0964624]
[486, 1019][-55.0, 171.0, 20.0][-55.000675, 171.0, 20.0][-6.752014E-4, 0.0, 0.0][6.752014E-4]
[584, 1018][-45.0, 171.0, 20.0][-44.9645, 171.0, 20.0][0.035499573, 0.0, 0.0][0.035499573]
[683, 1017][-35.0, 171.0, 20.0][-35.01232, 171.0, 20.0][-0.012321472, 0.0, 0.0][0.012321472]
[785, 1017][-25.0, 171.0, 20.0][-25.020014, 171.0, 19.917627][-0.02001381, 0.0, -0.082372665][0.084769145]
[887, 1017][-15.0, 171.0, 20.0][-15.028104, 171.0, 19.917622][-0.028103828, 0.0, -0.08237839][0.08704036]
[990, 1017][-5.0, 171.0, 20.0][-5.0364404, 171.0, 19.91762][-0.036440372, 0.0, -0.082380295][0.090080045]
[1092, 1017][5.0, 171.0, 20.0][4.9138246, 171.0, 20.0][-0.08617544, 0.0, 0.0][0.08617544]
[1194, 1018][15.0, 171.0, 20.0][14.905492, 171.0, 20.000002][-0.09450817, 0.0, 1.9073486E-6][0.09450817]
[1296, 1019][25.0, 171.0, 20.0][24.938047, 171.0, 20.0][-0.06195259, 0.0, 0.0][0.06195259]
[1396, 1021][35.0, 171.0, 20.0][34.889717, 171.0, 20.000002][-0.1102829, 0.0, 1.9073486E-6][0.1102829]
[1496, 1023][45.0, 171.0, 20.0][44.878307, 171.0, 19.999998][-0.12169266, 0.0, -1.9073486E-6][0.12169266]
[1593, 1025][55.0, 171.0, 20.0][54.914463, 171.0, 20.0][-0.08553696, 0.0, 0.0][0.08553696]
[1686, 1028][65.0, 171.0, 20.0][64.90702, 171.0, 20.000002][-0.09297943, 0.0, 1.9073486E-6][0.09297943]
[1776, 1031][75.0, 171.0, 20.0][74.852554, 171.0, 20.0][-0.14744568, 0.0, 0.0][0.14744568]
[1862, 1035][85.0, 171.0, 20.0][84.84438, 171.0, 19.916328][-0.15561676, 0.0, -0.08367157][0.17668477]
[1943, 1039][95.0, 171.0, 20.0][94.8366, 171.0, 19.9142][-0.16339874, 0.0, -0.08580017][0.18455574]
[129, 1124][-95.0, 171.0, 10.0][-94.938126, 171.0, 9.9129305][0.06187439, 0.0, -0.08706951][0.10681545]
[211, 1122][-85.0, 171.0, 10.0][-84.990456, 171.0, 10.0][0.009544373, 0.0, 0.0][0.009544373]
[298, 1121][-75.0, 171.0, 10.0][-74.99228, 171.0, 10.0][0.0077209473, 0.0, 0.0][0.0077209473]
[390, 1120][-65.0, 171.0, 10.0][-64.951614, 171.0, 10.0][0.04838562, 0.0, 0.0][0.04838562]
[485, 1119][-55.0, 171.0, 10.0][-54.957542, 171.0, 9.999999][0.04245758, 0.0, -9.536743E-7][0.04245758]
[582, 1119][-45.0, 171.0, 10.0][-44.96416, 171.0, 10.0][0.03583908, 0.0, 0.0][0.03583908]
[682, 1119][-35.0, 171.0, 10.0][-34.971394, 171.0, 9.9179][0.028606415, 0.0, -0.082099915][0.086940914]
[784, 1119][-25.0, 171.0, 10.0][-24.97916, 171.0, 9.918565][0.020839691, 0.0, -0.0814352][0.08405942]
[886, 1119][-15.0, 171.0, 10.0][-15.067974, 171.0, 9.918562][-0.06797409, 0.0, -0.081438065][0.106078446]
[989, 1119][-5.0, 171.0, 10.0][-5.0363975, 171.0, 9.999999][-0.036397457, 0.0, -9.536743E-7][0.036397457]
[1092, 1119][5.0, 171.0, 10.0][4.955097, 171.0, 10.0][-0.0449028, 0.0, 0.0][0.0449028]
[1194, 1120][15.0, 171.0, 10.0][14.905363, 171.0, 10.0][-0.09463692, 0.0, 0.0][0.09463692]
[1295, 1121][25.0, 171.0, 10.0][24.85521, 171.0, 10.000001][-0.14479065, 0.0, 9.536743E-7][0.14479065]
[1397, 1122][35.0, 171.0, 10.0][34.889435, 171.0, 10.0][-0.110565186, 0.0, 0.0][0.110565186]
[1496, 1124][45.0, 171.0, 10.0][44.835983, 171.0, 9.917903][-0.16401672, 0.0, -0.08209705][0.18341595]
[1593, 1125][55.0, 171.0, 10.0][54.914078, 171.0, 10.000001][-0.08592224, 0.0, 9.536743E-7][0.08592224]
[1687, 1127][65.0, 171.0, 10.0][64.906586, 171.0, 10.0][-0.09341431, 0.0, 0.0][0.09341431]
[1778, 1129][75.0, 171.0, 10.0][74.99402, 171.0, 9.916548][-0.0059814453, 0.0, -0.083452225][0.08366631]
[1864, 1131][85.0, 171.0, 10.0][84.94192, 171.0, 10.0][-0.05808258, 0.0, 0.0][0.05808258]
[1946, 1134][95.0, 171.0, 10.0][94.83613, 171.0, 9.912931][-0.16387177, 0.0, -0.08706856][0.1855664]
[128, 1220][-95.0, 171.0, 0.0][-94.99174, 171.0, -0.08609544][0.008262634, 0.0, -0.08609544][0.08649101]
[209, 1220][-85.0, 171.0, 0.0][-85.0398, 171.0, -0.085354164][-0.03980255, 0.0, -0.085354164][0.09417843]
[297, 1220][-75.0, 171.0, 0.0][-74.94625, 171.0, -0.08462552][0.053749084, 0.0, -0.08462552][0.10025189]
[388, 1220][-65.0, 171.0, 0.0][-65.08663, 171.0, -0.0][-0.086631775, 0.0, -0.0][0.086631775]
[483, 1220][-55.0, 171.0, 0.0][-55.00089, 171.0, -0.0][-8.8882446E-4, 0.0, -0.0][8.8882446E-4]
[581, 1221][-45.0, 171.0, 0.0][-45.00678, 171.0, -0.081837595][-0.006778717, 0.0, -0.081837595][0.08211786]
[681, 1221][-35.0, 171.0, 0.0][-35.053276, 171.0, -0.0][-0.053276062, 0.0, -0.0][0.053276062]
[783, 1221][-25.0, 171.0, 0.0][-25.06106, 171.0, -0.0][-0.06105995, 0.0, -0.0][0.06105995]
[885, 1222][-15.0, 171.0, 0.0][-15.027935, 171.0, -0.081164435][-0.027935028, 0.0, -0.081164435][0.08583724]
[988, 1222][-5.0, 171.0, 0.0][-5.0363827, 171.0, -0.0][-0.036382675, 0.0, -0.0][0.036382675]
[1091, 1223][5.0, 171.0, 0.0][4.9550824, 171.0, -0.0][-0.044917583, 0.0, -0.0][0.044917583]
[1194, 1223][15.0, 171.0, 0.0][14.946633, 171.0, -0.0][-0.05336666, 0.0, -0.0][0.05336666]
[1295, 1224][25.0, 171.0, 0.0][24.897131, 171.0, -0.08116622][-0.102869034, 0.0, -0.08116622][0.13103431]
[1396, 1224][35.0, 171.0, 0.0][34.889347, 171.0, -0.0][-0.11065292, 0.0, -0.0][0.11065292]
[1496, 1225][45.0, 171.0, 0.0][44.87932, 171.0, -0.0][-0.12068176, 0.0, -0.0][0.12068176]
[1594, 1226][55.0, 171.0, 0.0][54.957417, 171.0, -0.0][-0.042583466, 0.0, -0.0][0.042583466]
[1688, 1227][65.0, 171.0, 0.0][64.90644, 171.0, -0.08321014][-0.093559265, 0.0, -0.08321014][0.12520888]
[1778, 1227][75.0, 171.0, 0.0][74.94625, 171.0, -0.0][-0.053749084, 0.0, -0.0][0.053749084]
[1863, 1228][85.0, 171.0, 0.0][84.84179, 171.0, -0.0][-0.15821075, 0.0, -0.0][0.15821075]
[1944, 1229][95.0, 171.0, 0.0][94.93797, 171.0, -0.08684408][-0.062026978, 0.0, -0.08684408][0.10672038]
[128, 1316][-95.0, 171.0, -10.0][-94.93814, 171.0, -10.085875][0.06185913, 0.0, -0.08587456][0.10583474]
[209, 1317][-85.0, 171.0, -10.0][-85.03996, 171.0, -10.0][-0.03996277, 0.0, 0.0][0.03996277]
[297, 1318][-75.0, 171.0, -10.0][-74.99228, 171.0, -10.0][0.0077209473, 0.0, 0.0][0.0077209473]
[388, 1320][-65.0, 171.0, -10.0][-65.04092, 171.0, -10.082281][-0.040916443, 0.0, -0.08228111][0.09189308]
[483, 1321][-55.0, 171.0, -10.0][-55.001022, 171.0, -10.0][-0.0010223389, 0.0, 0.0][0.0010223389]
[580, 1322][-45.0, 171.0, -10.0][-45.04891, 171.0, -10.0][-0.048908234, 0.0, 0.0][0.048908234]
[681, 1323][-35.0, 171.0, -10.0][-35.01272, 171.0, -9.999999][-0.012718201, 0.0, 9.536743E-7][0.012718201]
[783, 1324][-25.0, 171.0, -10.0][-24.979162, 171.0, -10.081563][0.020837784, 0.0, -0.081562996][0.084182754]
[885, 1324][-15.0, 171.0, -10.0][-15.027978, 171.0, -10.0][-0.027977943, 0.0, 0.0][0.027977943]
[988, 1325][-5.0, 171.0, -10.0][-4.9957466, 171.0, -9.999999][0.0042533875, 0.0, 9.536743E-7][0.0042533875]
[1090, 1326][5.0, 171.0, -10.0][4.873799, 171.0, -10.081555][-0.12620115, 0.0, -0.08155537][0.15025981]
[1193, 1326][15.0, 171.0, -10.0][14.946679, 171.0, -10.000001][-0.053320885, 0.0, -9.536743E-7][0.053320885]
[1294, 1326][25.0, 171.0, -10.0][24.8972, 171.0, -9.999999][-0.10280037, 0.0, 9.536743E-7][0.10280037]
[1396, 1327][35.0, 171.0, -10.0][34.971397, 171.0, -10.082245][-0.0286026, 0.0, -0.08224487][0.08707656]
[1496, 1327][45.0, 171.0, -10.0][44.96416, 171.0, -10.0][-0.03583908, 0.0, 0.0][0.03583908]
[1593, 1327][55.0, 171.0, -10.0][54.91483, 171.0, -10.082953][-0.085170746, 0.0, -0.08295345][0.118892096]
[1686, 1327][65.0, 171.0, -10.0][64.86236, 171.0, -10.0843725][-0.1376419, 0.0, -0.08437252][0.16144355]
[1776, 1326][75.0, 171.0, -10.0][74.85384, 171.0, -10.0][-0.14615631, 0.0, 0.0][0.14615631]
[1861, 1325][85.0, 171.0, -10.0][84.84391, 171.0, -10.0][-0.15608978, 0.0, 0.0][0.15608978]
[1942, 1324][95.0, 171.0, -10.0][94.83179, 171.0, -10.0][-0.16821289, 0.0, 0.0][0.16821289]
[129, 1410][-95.0, 171.0, -20.0][-95.042786, 171.0, -20.0][-0.042785645, 0.0, 0.0][0.042785645]
[210, 1413][-85.0, 171.0, -20.0][-85.03855, 171.0, -19.999998][-0.03855133, 0.0, 1.9073486E-6][0.03855133]
[298, 1416][-75.0, 171.0, -20.0][-74.94687, 171.0, -20.0][0.053131104, 0.0, 0.0][0.053131104]
[389, 1419][-65.0, 171.0, -20.0][-65.03979, 171.0, -20.082047][-0.039787292, 0.0, -0.08204651][0.09118474]
[484, 1421][-55.0, 171.0, -20.0][-54.95794, 171.0, -20.0][0.042060852, 0.0, 0.0][0.042060852]
[581, 1422][-45.0, 171.0, -20.0][-45.049248, 171.0, -20.0][-0.04924774, 0.0, 0.0][0.04924774]
[681, 1424][-35.0, 171.0, -20.0][-35.013, 171.0, -20.081318][-0.013000488, 0.0, -0.0813179][0.08235055]
[783, 1425][-25.0, 171.0, -20.0][-24.979364, 171.0, -19.999998][0.020635605, 0.0, 1.9073486E-6][0.020635605]
[885, 1426][-15.0, 171.0, -20.0][-14.987454, 171.0, -20.0][0.012545586, 0.0, 0.0][0.012545586]
[987, 1427][-5.0, 171.0, -20.0][-5.0777583, 171.0, -20.08129][-0.07775831, 0.0, -0.08128929][0.112491354]
[1090, 1427][5.0, 171.0, -20.0][5.0364404, 171.0, -19.999998][0.036440372, 0.0, 1.9073486E-6][0.036440372]
[1192, 1428][15.0, 171.0, -20.0][14.946807, 171.0, -20.081295][-0.053193092, 0.0, -0.08129501][0.09715135]
[1293, 1428][25.0, 171.0, -20.0][24.938717, 171.0, -19.999998][-0.06128311, 0.0, 1.9073486E-6][0.06128311]
[1394, 1428][35.0, 171.0, -20.0][34.93103, 171.0, -20.08199][-0.06896973, 0.0, -0.08198929][0.10714041]
[1494, 1427][45.0, 171.0, -20.0][44.9645, 171.0, -20.0][-0.035499573, 0.0, 0.0][0.035499573]
[1590, 1426][55.0, 171.0, -20.0][54.91521, 171.0, -20.0][-0.084789276, 0.0, 0.0][0.084789276]
[1683, 1425][65.0, 171.0, -20.0][64.86279, 171.0, -20.000002][-0.13720703, 0.0, -1.9073486E-6][0.13720703]
[1773, 1424][75.0, 171.0, -20.0][74.901, 171.0, -20.084156][-0.09899902, 0.0, -0.08415604][0.12993477]
[1860, 1421][85.0, 171.0, -20.0][84.84627, 171.0, -20.0][-0.1537323, 0.0, 0.0][0.1537323]
[1941, 1419][95.0, 171.0, -20.0][94.83449, 171.0, -20.0][-0.16551208, 0.0, 0.0][0.16551208]
[132, 1505][-95.0, 171.0, -30.0][-94.939384, 171.0, -29.999998][0.06061554, 0.0, 1.9073486E-6][0.06061554]
[213, 1510][-85.0, 171.0, -30.0][-85.03933, 171.0, -30.0][-0.03932953, 0.0, 0.0][0.03932953]
[300, 1514][-75.0, 171.0, -30.0][-74.99266, 171.0, -30.000004][0.0073394775, 0.0, -3.8146973E-6][0.0073394785]
[391, 1517][-65.0, 171.0, -30.0][-65.0832, 171.0, -30.0][-0.08319855, 0.0, 0.0][0.08319855]
[486, 1520][-55.0, 171.0, -30.0][-54.958572, 171.0, -30.000002][0.041427612, 0.0, -1.9073486E-6][0.041427612]
[583, 1523][-45.0, 171.0, -30.0][-44.965054, 171.0, -30.081766][0.03494644, 0.0, -0.08176613][0.088921055]
[682, 1525][-35.0, 171.0, -30.0][-35.01345, 171.0, -30.081074][-0.013450623, 0.0, -0.08107376][0.08218196]
[783, 1526][-25.0, 171.0, -30.0][-25.061672, 171.0, -30.000002][-0.06167221, 0.0, -1.9073486E-6][0.06167221]
[885, 1527][-15.0, 171.0, -30.0][-14.98766, 171.0, -30.0][0.012339592, 0.0, 0.0][0.012339592]
[986, 1528][-5.0, 171.0, -30.0][-5.119829, 171.0, -30.0][-0.11982918, 0.0, 0.0][0.11982918]
[1088, 1529][5.0, 171.0, -30.0][4.9552097, 171.0, -30.0][-0.044790268, 0.0, 0.0][0.044790268]
[1190, 1530][15.0, 171.0, -30.0][14.987661, 171.0, -30.08379][-0.012338638, 0.0, -0.083789825][0.084693424]
[1291, 1530][25.0, 171.0, -30.0][24.939054, 171.0, -30.083803][-0.06094551, 0.0, -0.08380318][0.10362108]
[1392, 1529][35.0, 171.0, -30.0][34.93148, 171.0, -30.082422][-0.06851959, 0.0, -0.08242226][0.107183784]
[1491, 1527][45.0, 171.0, -30.0][44.923737, 171.0, -30.000002][-0.07626343, 0.0, -1.9073486E-6][0.07626343]
[1587, 1526][55.0, 171.0, -30.0][54.958572, 171.0, -30.082472][-0.041427612, 0.0, -0.08247185][0.09229221]
[1680, 1524][65.0, 171.0, -30.0][64.86506, 171.0, -30.082506][-0.1349411, 0.0, -0.08250618][0.15816565]
[1770, 1521][75.0, 171.0, -30.0][74.81253, 171.0, -30.0][-0.18746948, 0.0, 0.0][0.18746948]
[1857, 1518][85.0, 171.0, -30.0][84.8506, 171.0, -30.000002][-0.1493988, 0.0, -1.9073486E-6][0.1493988]
[1939, 1514][95.0, 171.0, -30.0][94.839424, 171.0, -30.0][-0.16057587, 0.0, 0.0][0.16057587]
[136, 1599][-95.0, 171.0, -40.0][-94.992, 171.0, -40.0][0.008003235, 0.0, 0.0][0.008003235]
[216, 1605][-85.0, 171.0, -40.0][-84.99182, 171.0, -40.000004][0.008178711, 0.0, -3.8146973E-6][0.008178712]
[303, 1610][-75.0, 171.0, -40.0][-75.03634, 171.0, -40.0][-0.036338806, 0.0, 0.0][0.036338806]
[395, 1615][-65.0, 171.0, -40.0][-64.99717, 171.0, -40.000004][0.0028305054, 0.0, -3.8146973E-6][0.002830508]
[488, 1619][-55.0, 171.0, -40.0][-55.002167, 171.0, -40.082253][-0.002166748, 0.0, -0.0822525][0.08228104]
[584, 1622][-45.0, 171.0, -40.0][-45.049145, 171.0, -40.082226][-0.049144745, 0.0, -0.0822258][0.09579294]
[683, 1624][-35.0, 171.0, -40.0][-34.972736, 171.0, -40.000004][0.027263641, 0.0, -3.8146973E-6][0.027263641]
[783, 1627][-25.0, 171.0, -40.0][-25.062128, 171.0, -40.082176][-0.062128067, 0.0, -0.08217621][0.10301857]
[885, 1628][-15.0, 171.0, -40.0][-15.029262, 171.0, -40.0][-0.029261589, 0.0, 0.0][0.029261589]
[986, 1629][-5.0, 171.0, -40.0][-5.037277, 171.0, -40.084263][-0.03727722, 0.0, -0.08426285][0.09214021]
[1087, 1629][5.0, 171.0, -40.0][4.9139886, 171.0, -40.08355][-0.08601141, 0.0, -0.0835495][0.11991031]
[1188, 1629][15.0, 171.0, -40.0][14.946618, 171.0, -40.0][-0.05338192, 0.0, 0.0][0.05338192]
[1289, 1629][25.0, 171.0, -40.0][24.980158, 171.0, -40.084282][-0.019842148, 0.0, -0.08428192][0.0865861]
[1389, 1628][35.0, 171.0, -40.0][34.932095, 171.0, -40.08359][-0.067905426, 0.0, -0.08359146][0.10769717]
[1487, 1626][45.0, 171.0, -40.0][44.882473, 171.0, -40.0][-0.11752701, 0.0, 0.0][0.11752701]
[1583, 1624][55.0, 171.0, -40.0][54.95943, 171.0, -40.08226][-0.040569305, 0.0, -0.08226013][0.091720216]
[1676, 1621][65.0, 171.0, -40.0][64.91022, 171.0, -40.08229][-0.089782715, 0.0, -0.08229065][0.121789515]
[1766, 1617][75.0, 171.0, -40.0][74.903595, 171.0, -40.083733][-0.09640503, 0.0, -0.083732605][0.12769134]
[1852, 1613][85.0, 171.0, -40.0][84.898346, 171.0, -40.084484][-0.10165405, 0.0, -0.0844841][0.13217832]
[1935, 1608][95.0, 171.0, -40.0][94.892845, 171.0, -40.0][-0.107154846, 0.0, 0.0][0.107154846]
[140, 1692][-95.0, 171.0, -50.0][-95.09334, 171.0, -50.08364][-0.09333801, 0.0, -0.08364105][0.1253308]
[221, 1699][-85.0, 171.0, -50.0][-84.99311, 171.0, -49.999996][0.0068893433, 0.0, 3.8146973E-6][0.006889344]
[308, 1706][-75.0, 171.0, -50.0][-75.039154, 171.0, -50.083538][-0.039154053, 0.0, -0.083538055][0.09225859]
[399, 1711][-65.0, 171.0, -50.0][-64.99833, 171.0, -50.000004][0.0016708374, 0.0, -3.8146973E-6][0.0016708417]
[492, 1716][-55.0, 171.0, -50.0][-55.046703, 171.0, -50.084167][-0.04670334, 0.0, -0.08416748][0.09625678]
[587, 1719][-45.0, 171.0, -50.0][-45.051456, 171.0, -50.0][-0.05145645, 0.0, 0.0][0.05145645]
[685, 1722][-35.0, 171.0, -50.0][-35.097458, 171.0, -49.999996][-0.097457886, 0.0, 3.8146973E-6][0.097457886]
[785, 1725][-25.0, 171.0, -50.0][-25.022036, 171.0, -50.084793][-0.022035599, 0.0, -0.08479309][0.08760956]
[885, 1726][-15.0, 171.0, -50.0][-15.071615, 171.0, -50.000004][-0.07161522, 0.0, -3.8146973E-6][0.07161522]
[986, 1727][-5.0, 171.0, -50.0][-5.0794024, 171.0, -50.0][-0.07940245, 0.0, 0.0][0.07940245]
[1086, 1727][5.0, 171.0, -50.0][4.914102, 171.0, -50.0][-0.08589792, 0.0, 0.0][0.08589792]
[1187, 1727][15.0, 171.0, -50.0][14.9882765, 171.0, -50.0][-0.011723518, 0.0, 0.0][0.011723518]
[1286, 1727][25.0, 171.0, -50.0][24.93939, 171.0, -50.085526][-0.060609818, 0.0, -0.08552551][0.10482444]
[1385, 1726][35.0, 171.0, -50.0][34.93284, 171.0, -50.08482][-0.06716156, 0.0, -0.08481979][0.108189985]
[1483, 1724][45.0, 171.0, -50.0][44.966717, 171.0, -50.084846][-0.033283234, 0.0, -0.0848465][0.09114111]
[1578, 1721][55.0, 171.0, -50.0][54.877167, 171.0, -50.084885][-0.12283325, 0.0, -0.08488464][0.14930978]
[1671, 1717][65.0, 171.0, -50.0][64.95486, 171.0, -50.084206][-0.045143127, 0.0, -0.08420563][0.09554313]
[1760, 1712][75.0, 171.0, -50.0][74.94986, 171.0, -50.084976][-0.05014038, 0.0, -0.0849762][0.09866616]
[1845, 1707][85.0, 171.0, -50.0][84.89964, 171.0, -50.085766][-0.100357056, 0.0, -0.08576584][0.13201256]
[1926, 1700][95.0, 171.0, -50.0][94.894165, 171.0, -50.000004][-0.10583496, 0.0, -3.8146973E-6][0.10583496]
[145, 1783][-95.0, 171.0, -60.0][-94.99184, 171.0, -59.999996][0.008163452, 0.0, 3.8146973E-6][0.008163453]
[226, 1791][-85.0, 171.0, -60.0][-85.084625, 171.0, -60.0][-0.084625244, 0.0, 0.0][0.084625244]
[313, 1798][-75.0, 171.0, -60.0][-74.95128, 171.0, -60.0][0.048721313, 0.0, 0.0][0.048721313]
[403, 1805][-65.0, 171.0, -60.0][-64.99967, 171.0, -60.086227][3.2806396E-4, 0.0, -0.08622742][0.08622804]
[496, 1810][-55.0, 171.0, -60.0][-54.961697, 171.0, -60.08773][0.038303375, 0.0, -0.08773041][0.09572759]
[591, 1814][-45.0, 171.0, -60.0][-44.967766, 171.0, -60.087685][0.032234192, 0.0, -0.08768463][0.09342183]
[688, 1817][-35.0, 171.0, -60.0][-34.97433, 171.0, -60.0][0.025669098, 0.0, 0.0][0.025669098]
[786, 1820][-25.0, 171.0, -60.0][-25.064674, 171.0, -60.0][-0.06467438, 0.0, 0.0][0.06467438]
[886, 1822][-15.0, 171.0, -60.0][-15.072009, 171.0, -60.090008][-0.07200909, 0.0, -0.09000778][0.11526799]
[985, 1823][-5.0, 171.0, -60.0][-5.0809474, 171.0, -60.09083][-0.0809474, 0.0, -0.09083176][0.121667124]
[1085, 1823][5.0, 171.0, -60.0][4.9961996, 171.0, -59.999996][-0.0038003922, 0.0, 3.8146973E-6][0.003800394]
[1184, 1823][15.0, 171.0, -60.0][14.947345, 171.0, -59.999996][-0.05265522, 0.0, 3.8146973E-6][0.05265522]
[1283, 1822][25.0, 171.0, -60.0][24.98134, 171.0, -60.0][-0.018659592, 0.0, 0.0][0.018659592]
[1381, 1821][35.0, 171.0, -60.0][34.974335, 171.0, -60.089237][-0.025665283, 0.0, -0.08923721][0.09285466]
[1478, 1818][45.0, 171.0, -60.0][44.884434, 171.0, -59.999996][-0.11556625, 0.0, 3.8146973E-6][0.11556625]
[1572, 1815][55.0, 171.0, -60.0][54.876965, 171.0, -60.08851][-0.12303543, 0.0, -0.088508606][0.15156348]
[1664, 1810][65.0, 171.0, -60.0][64.91273, 171.0, -60.087772][-0.087272644, 0.0, -0.08777237][0.12377602]
[1752, 1804][75.0, 171.0, -60.0][74.951294, 171.0, -60.08783][-0.048706055, 0.0, -0.08782959][0.10043065]
[1836, 1797][85.0, 171.0, -60.0][84.80943, 171.0, -60.000004][-0.19056702, 0.0, -3.8146973E-6][0.19056702]
[1917, 1790][95.0, 171.0, -60.0][94.895706, 171.0, -60.087944][-0.10429382, 0.0, -0.08794403][0.13642344]
[153, 1868][-95.0, 171.0, -70.0][-95.04306, 171.0, -69.99999][-0.043060303, 0.0, 7.6293945E-6][0.043060303]
[234, 1878][-85.0, 171.0, -70.0][-85.04126, 171.0, -70.0][-0.041259766, 0.0, 0.0][0.041259766]
[320, 1887][-75.0, 171.0, -70.0][-75.04218, 171.0, -70.08766][-0.042182922, 0.0, -0.08766174][0.09728299]
[409, 1894][-65.0, 171.0, -70.0][-64.95768, 171.0, -70.088394][0.04232025, 0.0, -0.088394165][0.09800272]
[500, 1900][-55.0, 171.0, -70.0][-55.049248, 171.0, -70.089134][-0.04924774, 0.0, -0.08913422][0.10183442]
[594, 1905][-45.0, 171.0, -70.0][-45.01166, 171.0, -70.09075][-0.01166153, 0.0, -0.09075165][0.09149783]
[690, 1908][-35.0, 171.0, -70.0][-35.058613, 171.0, -70.0][-0.058612823, 0.0, 0.0][0.058612823]
[788, 1911][-25.0, 171.0, -70.0][-24.982037, 171.0, -70.0][0.01796341, 0.0, 0.0][0.01796341]
[886, 1912][-15.0, 171.0, -70.0][-15.073844, 171.0, -70.0][-0.073843956, 0.0, 0.0][0.073843956]
[985, 1913][-5.0, 171.0, -70.0][-5.082552, 171.0, -70.00001][-0.082551956, 0.0, -7.6293945E-6][0.082551956]
[1083, 1914][5.0, 171.0, -70.0][4.9536104, 171.0, -70.09323][-0.04638958, 0.0, -0.0932312][0.10413477]
[1181, 1914][15.0, 171.0, -70.0][14.90577, 171.0, -70.09324][-0.0942297, 0.0, -0.09323883][0.13256212]
[1279, 1913][25.0, 171.0, -70.0][24.898714, 171.0, -70.092384][-0.101285934, 0.0, -0.09238434][0.13709013]
[1376, 1911][35.0, 171.0, -70.0][34.85133, 171.0, -70.00001][-0.1486702, 0.0, -7.6293945E-6][0.1486702]
[1472, 1908][45.0, 171.0, -70.0][44.884182, 171.0, -70.0][-0.11581802, 0.0, 0.0][0.11581802]
[1566, 1904][55.0, 171.0, -70.0][54.963043, 171.0, -70.08914][-0.036956787, 0.0, -0.089141846][0.09649908]
[1656, 1898][65.0, 171.0, -70.0][64.82727, 171.0, -69.99999][-0.17272949, 0.0, 7.6293945E-6][0.17272949]
[1744, 1891][75.0, 171.0, -70.0][74.90784, 171.0, -70.0][-0.092163086, 0.0, 0.0][0.092163086]
[1828, 1884][85.0, 171.0, -70.0][84.94868, 171.0, -70.08852][-0.051322937, 0.0, -0.088516235][0.10231895]
[1908, 1875][95.0, 171.0, -70.0][94.896484, 171.0, -70.0][-0.103515625, 0.0, 0.0][0.103515625]
[162, 1952][-95.0, 171.0, -80.0][-94.94687, 171.0, -80.085365][0.053131104, 0.0, -0.085365295][0.10054923]
[242, 1964][-85.0, 171.0, -80.0][-84.996346, 171.0, -80.087585][0.00365448, 0.0, -0.08758545][0.087661654]
[326, 1973][-75.0, 171.0, -80.0][-75.04233, 171.0, -80.08831][-0.04232788, 0.0, -0.08831024][0.09793033]
[414, 1981][-65.0, 171.0, -80.0][-65.08973, 171.0, -80.08986][-0.08972931, 0.0, -0.08985901][0.12698814]
[505, 1987][-55.0, 171.0, -80.0][-55.00721, 171.0, -80.092354][-0.007209778, 0.0, -0.09235382][0.09263481]
[598, 1991][-45.0, 171.0, -80.0][-45.012886, 171.0, -80.0][-0.012886047, 0.0, 0.0][0.012886047]
[693, 1995][-35.0, 171.0, -80.0][-35.059628, 171.0, -80.09313][-0.059627533, 0.0, -0.09313202][0.110584885]
[790, 1998][-25.0, 171.0, -80.0][-25.025517, 171.0, -80.000015][-0.02551651, 0.0, -1.5258789E-5][0.025516514]
[888, 2001][-15.0, 171.0, -80.0][-15.03229, 171.0, -80.09397][-0.03229046, 0.0, -0.09397125][0.09936433]
[985, 2002][-5.0, 171.0, -80.0][-5.039978, 171.0, -80.09488][-0.039978027, 0.0, -0.09487915][0.10295774]
[1082, 2002][5.0, 171.0, -80.0][4.9102926, 171.0, -80.00001][-0.089707375, 0.0, -7.6293945E-6][0.089707375]
[1179, 2002][15.0, 171.0, -80.0][14.904809, 171.0, -80.0][-0.095191, 0.0, 0.0][0.095191]
[1276, 2001][25.0, 171.0, -80.0][24.940042, 171.0, -79.99999][-0.059957504, 0.0, 7.6293945E-6][0.059957504]
[1372, 1999][35.0, 171.0, -80.0][34.97628, 171.0, -80.0][-0.023719788, 0.0, 0.0][0.023719788]
[1466, 1996][45.0, 171.0, -80.0][44.841984, 171.0, -80.09059][-0.1580162, 0.0, -0.09059143][0.18214262]
[1559, 1991][55.0, 171.0, -80.0][54.921738, 171.0, -80.09064][-0.07826233, 0.0, -0.09063721][0.119750135]
[1649, 1984][65.0, 171.0, -80.0][64.91579, 171.0, -80.0][-0.08421326, 0.0, 0.0][0.08421326]
[1735, 1977][75.0, 171.0, -80.0][74.86534, 171.0, -80.08993][-0.13465881, 0.0, -0.08992767][0.16192585]
[1819, 1968][85.0, 171.0, -80.0][84.857864, 171.0, -79.90831][-0.14213562, 0.0, 0.09169006][0.16914374]
[1899, 1959][95.0, 171.0, -80.0][94.804054, 171.0, -80.00001][-0.19594574, 0.0, -7.6293945E-6][0.19594574]
[172, 2035][-95.0, 171.0, -90.0][-95.046844, 171.0, -90.0][-0.046844482, 0.0, 0.0][0.046844482]
[251, 2047][-85.0, 171.0, -90.0][-84.999954, 171.0, -90.0][4.5776367E-5, 0.0, 0.0][4.5776367E-5]
[335, 2057][-75.0, 171.0, -90.0][-74.95638, 171.0, -90.0][0.04361725, 0.0, 0.0][0.04361725]
[422, 2065][-65.0, 171.0, -90.0][-65.00441, 171.0, -90.0][-0.00440979, 0.0, 0.0][0.00440979]
[512, 2071][-55.0, 171.0, -90.0][-55.05219, 171.0, -90.09491][-0.052188873, 0.0, -0.09490967][0.10831216]
[604, 2075][-45.0, 171.0, -90.0][-44.971443, 171.0, -90.0][0.028556824, 0.0, 0.0][0.028556824]
[698, 2079][-35.0, 171.0, -90.0][-34.977325, 171.0, -90.0][0.02267456, 0.0, 0.0][0.02267456]
[793, 2083][-25.0, 171.0, -90.0][-25.069757, 171.0, -90.0][-0.06975746, 0.0, 0.0][0.06975746]
[889, 2086][-15.0, 171.0, -90.0][-14.990028, 171.0, -90.098564][0.009971619, 0.0, -0.09856415][0.09906727]
[985, 2087][-5.0, 171.0, -90.0][-5.040135, 171.0, -89.99999][-0.040134907, 0.0, 7.6293945E-6][0.040134907]
[1081, 2088][5.0, 171.0, -90.0][4.953179, 171.0, -90.0][-0.046821117, 0.0, 0.0][0.046821117]
[1177, 2088][15.0, 171.0, -90.0][14.94729, 171.0, -90.0][-0.05270958, 0.0, 0.0][0.05270958]
[1272, 2088][25.0, 171.0, -90.0][24.940823, 171.0, -90.09761][-0.0591774, 0.0, -0.09761047][0.11414801]
[1367, 2085][35.0, 171.0, -90.0][34.977325, 171.0, -90.0][-0.02267456, 0.0, 0.0][0.02267456]
[1460, 2081][45.0, 171.0, -90.0][44.92871, 171.0, -90.0][-0.07128906, 0.0, 0.0][0.07128906]
[1551, 2075][55.0, 171.0, -90.0][54.92323, 171.0, -90.00001][-0.07677078, 0.0, -7.6293945E-6][0.07677078]
[1640, 2068][65.0, 171.0, -90.0][64.9182, 171.0, -90.0][-0.08180237, 0.0, 0.0][0.08180237]
[1726, 2061][75.0, 171.0, -90.0][74.826004, 171.0, -90.09596][-0.17399597, 0.0, -0.095962524][0.19870432]
[1809, 2052][85.0, 171.0, -90.0][84.86144, 171.0, -89.99999][-0.13855743, 0.0, 7.6293945E-6][0.13855743]
[1889, 2042][95.0, 171.0, -90.0][94.854485, 171.0, -90.0][-0.14551544, 0.0, 0.0][0.14551544]
